year,round,seed1,team1,score1,seed2,team2,score2,score_diff,seed_diff
2019,National Championship,1,Virginia,85,3,Texas Tech,77,8,-2
2019,Final Four,2,Michigan State,51,3,Texas Tech,61,-10,-1
2019,Final Four,1,Virginia,63,4,Auburn,62,1,-3
2019,Elite Eight,1,Virginia,80,3,Purdue,75,5,-2
2019,Elite Eight,1,Gonzaga,69,3,Texas Tech,75,-6,-2
2019,Elite Eight,1,Duke,67,2,Michigan State,68,-1,-1
2019,Elite Eight,5,Auburn,77,2,Kentucky,71,6,3
2019,Sweet 16,1,Virginia,53,12,Oregon,49,4,-11
2019,Sweet 16,1,North Carolina,80,5,Auburn,97,-17,-4
2019,Sweet 16,1,Gonzaga,72,4,Florida State,58,14,-3
2019,Sweet 16,1,Duke,75,4,Virginia Tech,73,2,-3
2019,Sweet 16,3,Purdue,99,2,Tennessee,94,5,1
2019,Sweet 16,3,Houston,58,2,Kentucky,62,-4,1
2019,Sweet 16,3,Texas Tech,63,2,Michigan,44,19,1
2019,Sweet 16,3,LSU,63,2,Michigan State,80,-17,1
2019,Second Round,2,Michigan,64,10,Florida,49,15,-8
2019,Second Round,1,Virginia,63,9,Oklahoma,51,12,-8
2019,Second Round,1,North Carolina,81,9,Washington,59,22,-8
2019,Second Round,1,Gonzaga,83,9,Baylor,71,12,-8
2019,Second Round,1,Duke,77,9,Central Florida,76,1,-8
2019,Second Round,4,Virginia Tech,67,12,Liberty,58,9,-8
2019,Second Round,3,Purdue,87,6,Villanova,61,26,-3
2019,Second Round,10,Iowa,77,2,Tennessee,83,-6,8
2019,Second Round,5,Auburn,89,4,Kansas,75,14,1
2019,Second Round,7,Wofford,56,2,Kentucky,62,-6,5
2019,Second Round,10,Minnesota,50,2,Michigan State,70,-20,8
2019,Second Round,13,UC Irvine,73,12,Oregon,54,19,1
2019,Second Round,3,Houston,74,11,Ohio State,59,15,-8
2019,Second Round,3,Texas Tech,78,6,Buffalo,58,20,-3
2019,Second Round,12,Murray St.,62,4,Florida State,90,-28,8
2019,Second Round,3,LSU,69,6,Maryland,67,2,-3
2019,First Round,2,Michigan,74,15,Montana,55,19,-13
2019,First Round,5,Mississippi State,76,12,Liberty,80,-4,-7
2019,First Round,2,Michigan State,76,15,Bradley,65,11,-13
2019,First Round,1,Virginia,71,16,Gardner-Webb,56,15,-15
2019,First Round,2,Kentucky,79,15,Abilene Christian,44,35,-13
2019,First Round,1,North Carolina,88,16,Iona,73,15,-15
2019,First Round,6,Iowa State,59,11,Ohio State,62,-3,-5
2019,First Round,4,Florida State,76,13,Vermont,69,7,-9
2019,First Round,1,Gonzaga,87,16,Fairleigh Dickinson,49,38,-15
2019,First Round,1,Duke,85,16,North Dakota State,62,23,-15
2019,First Round,4,Kansas,87,13,Northeastern,53,34,-9
2019,First Round,8,Syracuse,69,9,Baylor,78,-9,-1
2019,First Round,4,Virginia Tech,66,13,St. Louis,52,14,-9
2019,First Round,11,Belmont,77,6,Maryland,79,-2,5
2019,First Round,6,Villanova,61,11,St. Mary's (Cal.),57,4,-5
2019,First Round,4,Kansas State,64,13,UC Irvine,70,-6,-9
2019,First Round,7,Louisville,76,10,Minnesota,86,-10,-3
2019,First Round,2,Tennessee,77,15,Colgate,70,7,-13
2019,First Round,7,Cincinnati,72,10,Iowa,79,-7,-3
2019,First Round,3,Purdue,61,14,Old Dominion,48,13,-11
2019,First Round,5,Auburn,78,12,New Mexico State,77,1,-7
2019,First Round,7,Wofford,84,10,Seton Hall,68,16,-3
2019,First Round,8,Mississippi,72,9,Oklahoma,95,-23,-1
2019,First Round,3,Houston,84,14,Georgia State,55,29,-11
2019,First Round,6,Buffalo,91,11,Arizona State,74,17,-5
2019,First Round,3,Texas Tech,72,14,Northern Kentucky,57,15,-11
2019,First Round,7,Nevada,61,10,Florida,70,-9,-3
2019,First Round,5,Marquette,64,12,Murray St.,83,-19,-7
2019,First Round,3,LSU,79,14,Yale,74,5,-11
2019,First Round,8,Virginia Commonwealth,58,9,Central Florida,73,-15,-1
2019,First Round,5,Wisconsin,54,12,Oregon,72,-18,-7
2019,First Round,8,Utah State,61,9,Washington,78,-17,-1
2019,Play-In,11,Belmont,81,11,Temple,70,11,0
2019,Play-In,11,Arizona State,74,11,St. John's,65,9,0
2019,Play-In,16,North Carolina Central,74,16,North Dakota State,78,-4,0
2019,Play-In,16,Fairleigh Dickinson,82,16,Prairie View,76,6,0
2018,National Championship,1,Villanova,79,3,Michigan,62,17,-2
2018,Final Four,1,Villanova,95,1,Kansas,79,16,0
2018,Final Four,11,Loyola (Ill.),57,3,Michigan,69,-12,8
2018,Elite Eight,9,Florida State,54,3,Michigan,58,-4,6
2018,Elite Eight,1,Kansas,85,2,Duke,81,4,-1
2018,Elite Eight,1,Villanova,71,3,Texas Tech,59,12,-2
2018,Elite Eight,9,Kansas State,62,11,Loyola (Ill.),78,-16,-2
2018,Sweet 16,3,Michigan,99,7,Texas A&M,72,27,-4
2018,Sweet 16,9,Florida State,75,4,Gonzaga,60,15,5
2018,Sweet 16,1,Kansas,80,5,Clemson,76,4,-4
2018,Sweet 16,1,Villanova,90,5,West Virginia,78,12,-4
2018,Sweet 16,9,Kansas State,61,5,Kentucky,58,3,4
2018,Sweet 16,11,Syracuse,65,2,Duke,69,-4,9
2018,Sweet 16,3,Texas Tech,78,2,Purdue,65,13,1
2018,Sweet 16,11,Loyola (Ill.),69,7,Nevada,68,1,4
2018,Second Round,5,Kentucky,95,13,Buffalo,75,20,-8
2018,Second Round,9,Florida State,75,1,Xavier,70,5,8
2018,Second Round,1,Kansas,83,8,Seton Hall,79,4,-7
2018,Second Round,1,Villanova,81,9,Alabama,58,23,-8
2018,Second Round,11,Syracuse,55,3,Michigan State,53,2,8
2018,Second Round,5,Clemson,84,4,Auburn,53,31,1
2018,Second Round,7,Texas A&M,86,2,North Carolina,65,21,5
2018,Second Round,6,Houston,63,3,Michigan,64,-1,3
2018,Second Round,6,Florida,66,3,Texas Tech,69,-3,3
2018,Second Round,7,Nevada,75,2,Cincinnati,73,2,5
2018,Second Round,5,Ohio State,84,4,Gonzaga,90,-6,1
2018,Second Round,13,Marshall,71,5,West Virginia,94,-23,8
2018,Second Round,10,Butler,73,2,Purdue,76,-3,8
2018,Second Round,16,Maryland-Baltimore County,43,9,Kansas State,50,-7,7
2018,Second Round,11,Loyola (Ill.),63,3,Tennessee,62,1,8
2018,Second Round,7,Rhode Island,62,2,Duke,87,-25,5
2018,First Round,3,Michigan,61,14,Montana,47,14,-11
2018,First Round,7,Arkansas,62,10,Butler,79,-17,-3
2018,First Round,5,West Virginia,85,12,Murray St.,68,17,-7
2018,First Round,2,North Carolina,84,15,Lipscomb,66,18,-13
2018,First Round,4,Wichita State,75,13,Marshall,81,-6,-9
2018,First Round,5,Kentucky,78,12,Davidson,73,5,-7
2018,First Round,1,Virginia,54,16,Maryland-Baltimore County,74,-20,-15
2018,First Round,3,Michigan State,82,14,Bucknell,78,4,-11
2018,First Round,4,Gonzaga,68,13,UNC Greensboro,64,4,-9
2018,First Round,8,Creighton,59,9,Kansas State,69,-10,-1
2018,First Round,6,Miami (Fla.),62,11,Loyola (Ill.),64,-2,-5
2018,First Round,4,Arizona,68,13,Buffalo,89,-21,-9
2018,First Round,2,Duke,89,15,Iona,67,22,-13
2018,First Round,1,Kansas,76,16,Penn,60,16,-15
2018,First Round,6,TCU,57,11,Syracuse,52,5,-5
2018,First Round,1,Villanova,87,16,Radford,61,26,-15
2018,First Round,8,Virginia Tech,83,9,Alabama,86,-3,-1
2018,First Round,5,Clemson,79,12,New Mexico State,68,11,-7
2018,First Round,7,Texas A&M,73,10,Providence,69,4,-3
2018,First Round,1,Xavier,102,16,Texas Southern,83,19,-15
2018,First Round,2,Purdue,74,15,Cal State Fullerton,48,26,-13
2018,First Round,3,Tennessee,73,14,Wright State,47,26,-11
2018,First Round,2,Cincinnati,68,15,Georgia State,53,15,-13
2018,First Round,4,Auburn,62,13,College of Charleston,58,4,-9
2018,First Round,6,Houston,67,11,San Diego State,65,2,-5
2018,First Round,8,Missouri,54,9,Florida State,67,-13,-1
2018,First Round,6,Florida,77,11,St. Bonaventure,62,15,-5
2018,First Round,7,Nevada,87,10,Texas,83,4,-3
2018,First Round,5,Ohio State,81,12,South Dakota State,73,8,-7
2018,First Round,3,Texas Tech,70,14,Stephen F. Austin,60,10,-11
2018,First Round,8,Seton Hall,94,9,North Carolina State,83,11,-1
2018,First Round,7,Rhode Island,83,10,Oklahoma,78,5,-3
2018,Play-In,11,St. Bonaventure,65,11,UCLA,58,7,0
2018,Play-In,16,North Carolina Central,46,16,Texas Southern,64,-18,0
2018,Play-In,16,Long Island,61,16,Radford,71,-10,0
2018,Play-In,11,Arizona State,56,11,Syracuse,60,-4,0
2017,National Championship,1,Gonzaga,65,1,North Carolina,71,-6,0
2017,Final Four,7,South Carolina,73,1,Gonzaga,77,-4,6
2017,Final Four,3,Oregon,76,1,North Carolina,77,-1,2
2017,Elite Eight,1,North Carolina,75,2,Kentucky,73,2,-1
2017,Elite Eight,1,Gonzaga,83,11,Xavier,59,24,-10
2017,Elite Eight,1,Kansas,60,3,Oregon,74,-14,-2
2017,Elite Eight,4,Florida,70,7,South Carolina,77,-7,-3
2017,Sweet 16,1,North Carolina,92,4,Butler,80,12,-3
2017,Sweet 16,3,UCLA,75,2,Kentucky,86,-11,1
2017,Sweet 16,1,Gonzaga,61,4,West Virginia,58,3,-3
2017,Sweet 16,1,Kansas,98,4,Purdue,66,32,-3
2017,Sweet 16,3,Baylor,50,7,South Carolina,70,-20,-4
2017,Sweet 16,11,Xavier,73,2,Arizona,71,2,9
2017,Sweet 16,3,Oregon,69,7,Michigan,68,1,-4
2017,Sweet 16,8,Wisconsin,83,4,Florida,84,-1,4
2017,Second Round,5,Notre Dame,71,4,West Virginia,83,-12,1
2017,Second Round,7,Michigan,73,2,Louisville,69,4,5
2017,Second Round,5,Virginia,39,4,Florida,65,-26,1
2017,Second Round,1,North Carolina,72,8,Arkansas,65,7,-7
2017,Second Round,10,Wichita State,62,2,Kentucky,65,-3,8
2017,Second Round,5,Iowa State,76,4,Purdue,80,-4,1
2017,Second Round,1,Gonzaga,79,8,Northwestern,73,6,-7
2017,Second Round,1,Kansas,90,9,Michigan State,70,20,-8
2017,Second Round,7,St. Mary's (Cal.),60,2,Arizona,69,-9,5
2017,Second Round,1,Villanova,62,8,Wisconsin,65,-3,-7
2017,Second Round,7,South Carolina,88,2,Duke,81,7,5
2017,Second Round,11,Xavier,91,3,Florida State,66,25,8
2017,Second Round,6,Cincinnati,67,3,UCLA,79,-12,3
2017,Second Round,12,Middle Tennessee State,65,4,Butler,74,-9,8
2017,Second Round,11,Southern California,78,3,Baylor,82,-4,8
2017,Second Round,11,Rhode Island,72,3,Oregon,75,-3,8
2017,First Round,4,West Virginia,86,13,Bucknell,80,6,-9
2017,First Round,6,Maryland,65,11,Xavier,76,-11,-5
2017,First Round,5,Notre Dame,60,12,Princeton,58,2,-7
2017,First Round,8,Arkansas,77,9,Seton Hall,71,6,-1
2017,First Round,7,Michigan,92,10,Oklahoma State,91,1,-3
2017,First Round,5,Virginia,76,12,UNC Wilmington,71,5,-7
2017,First Round,2,Kentucky,79,15,Northern Kentucky,70,9,-13
2017,First Round,1,North Carolina,103,16,Texas Southern,64,39,-15
2017,First Round,3,UCLA,97,14,Kent State,80,17,-11
2017,First Round,5,Iowa State,84,12,Nevada,73,11,-7
2017,First Round,3,Florida State,86,14,Florida Gulf Coast,80,6,-11
2017,First Round,1,Gonzaga,66,16,South Dakota State,46,20,-15
2017,First Round,2,Arizona,100,15,North Dakota,82,18,-13
2017,First Round,2,Duke,87,15,Troy,65,22,-13
2017,First Round,1,Kansas,100,16,UC Davis,62,38,-15
2017,First Round,6,Creighton,72,11,Rhode Island,84,-12,-5
2017,First Round,8,Miami (Fla.),58,9,Michigan State,78,-20,-1
2017,First Round,7,St. Mary's (Cal.),85,10,Virginia Commonwealth,77,8,-3
2017,First Round,1,Villanova,76,16,Mount St. Mary's,56,20,-15
2017,First Round,3,Baylor,91,14,New Mexico State,73,18,-11
2017,First Round,7,South Carolina,93,10,Marquette,73,20,-3
2017,First Round,2,Louisville,78,15,Jacksonville State,63,15,-13
2017,First Round,6,Cincinnati,75,11,Kansas State,61,14,-5
2017,First Round,4,Purdue,80,13,Vermont,70,10,-9
2017,First Round,4,Florida,80,13,East Tennessee State,65,15,-9
2017,First Round,7,Dayton,58,10,Wichita State,64,-6,-3
2017,First Round,5,Minnesota,72,12,Middle Tennessee State,81,-9,-7
2017,First Round,3,Oregon,93,14,Iona,77,16,-11
2017,First Round,8,Northwestern,68,9,Vanderbilt,66,2,-1
2017,First Round,8,Wisconsin,84,9,Virginia Tech,74,10,-1
2017,First Round,6,Southern Methodist,65,11,Southern California,66,-1,-5
2017,First Round,4,Butler,76,13,Winthrop,64,12,-9
2017,Play-In,11,Kansas State,95,11,Wake Forest,88,7,0
2017,Play-In,11,Southern California,75,11,Providence,71,4,0
2017,Play-In,16,Mount St. Mary's,67,16,New Orleans,66,1,0
2017,Play-In,16,North Carolina Central,63,16,UC Davis,67,-4,0
2016,National Championship,2,Villanova,77,1,North Carolina,74,3,1
2016,Final Four,1,North Carolina,83,10,Syracuse,66,17,-9
2016,Final Four,2,Villanova,95,2,Oklahoma,51,44,0
2016,Elite Eight,1,North Carolina,88,6,Notre Dame,74,14,-5
2016,Elite Eight,1,Virginia,62,10,Syracuse,68,-6,-9
2016,Elite Eight,1,Kansas,59,2,Villanova,64,-5,-1
2016,Elite Eight,1,Oregon,68,2,Oklahoma,80,-12,-1
2016,Sweet 16,6,Notre Dame,61,7,Wisconsin,56,5,-1
2016,Sweet 16,1,North Carolina,101,5,Indiana,86,15,-4
2016,Sweet 16,1,Virginia,84,4,Iowa State,71,13,-3
2016,Sweet 16,1,Kansas,79,5,Maryland,63,16,-4
2016,Sweet 16,3,Miami (Fla.),69,2,Villanova,92,-23,1
2016,Sweet 16,11,Gonzaga,60,10,Syracuse,63,-3,1
2016,Sweet 16,3,Texas A&M,63,2,Oklahoma,77,-14,1
2016,Sweet 16,1,Oregon,82,4,Duke,68,14,-3
2016,Second Round,6,Notre Dame,76,14,Stephen F. Austin,75,1,-8
2016,Second Round,5,Maryland,73,13,Hawaii,60,13,-8
2016,Second Round,1,North Carolina,85,9,Providence,66,19,-8
2016,Second Round,5,Indiana,73,4,Kentucky,67,6,1
2016,Second Round,11,Wichita State,57,3,Miami (Fla.),65,-8,8
2016,Second Round,1,Virginia,77,9,Butler,69,8,-8
2016,Second Round,1,Kansas,73,9,Connecticut,61,12,-8
2016,Second Round,11,Gonzaga,82,3,Utah,59,23,8
2016,Second Round,2,Oklahoma,85,10,Virginia Commonwealth,81,4,-8
2016,Second Round,2,Villanova,87,7,Iowa,68,19,-5
2016,Second Round,10,Syracuse,75,15,Middle Tennessee State,50,25,-5
2016,Second Round,3,Texas A&M,92,11,Northern Iowa,88,4,-8
2016,Second Round,2,Xavier,63,7,Wisconsin,66,-3,-5
2016,Second Round,1,Oregon,69,8,St. Joseph's,64,5,-7
2016,Second Round,12,Yale,64,4,Duke,71,-7,8
2016,Second Round,12,Arkansas-Little Rock,61,4,Iowa State,78,-17,8
2016,First Round,3,West Virginia,56,14,Stephen F. Austin,70,-14,-11
2016,First Round,6,Notre Dame,70,11,Michigan,63,7,-5
2016,First Round,5,Maryland,79,12,South Dakota State,74,5,-7
2016,First Round,7,Oregon State,67,10,Virginia Commonwealth,75,-8,-3
2016,First Round,4,Kentucky,85,13,Stony Brook,57,28,-9
2016,First Round,1,North Carolina,83,16,Florida Gulf Coast,67,16,-15
2016,First Round,5,Indiana,99,12,Chattanooga,74,25,-7
2016,First Round,2,Michigan State,81,15,Middle Tennessee State,90,-9,-13
2016,First Round,4,Iowa State,94,13,Iona,81,13,-9
2016,First Round,1,Virginia,81,16,Hampton,45,36,-15
2016,First Round,6,Texas,72,11,Northern Iowa,75,-3,-5
2016,First Round,4,Duke,93,13,UNC Wilmington,85,8,-9
2016,First Round,10,Pittsburgh,43,7,Wisconsin,47,-4,3
2016,First Round,1,Kansas,105,16,Austin Peay,79,26,-15
2016,First Round,3,Miami (Fla.),79,14,Buffalo,72,7,-11
2016,First Round,6,Arizona,55,11,Wichita State,65,-10,-5
2016,First Round,2,Oklahoma,82,15,Cal State Bakersfield,68,14,-13
2016,First Round,2,Villanova,86,15,UNC Asheville,56,30,-13
2016,First Round,8,Colorado,67,9,Connecticut,74,-7,-1
2016,First Round,3,Texas A&M,92,14,Green Bay,65,27,-11
2016,First Round,2,Xavier,71,15,Weber State,53,18,-13
2016,First Round,7,Iowa,72,10,Temple,70,2,-3
2016,First Round,5,Purdue,83,12,Arkansas-Little Rock,85,-2,-7
2016,First Round,8,Texas Tech,61,9,Butler,71,-10,-1
2016,First Round,1,Oregon,91,16,Holy Cross,52,39,-15
2016,First Round,8,St. Joseph's,78,9,Cincinnati,76,2,-1
2016,First Round,8,Southern California,69,9,Providence,70,-1,-1
2016,First Round,4,California,66,13,Hawaii,77,-11,-9
2016,First Round,3,Utah,80,14,Fresno State,69,11,-11
2016,First Round,7,Dayton,51,10,Syracuse,70,-19,-3
2016,First Round,12,Yale,79,5,Baylor,75,4,7
2016,First Round,6,Seton Hall,52,11,Gonzaga,68,-16,-5
2016,Play-In,11,Wichita State,70,11,Vanderbilt,50,20,0
2016,Play-In,11,Tulsa,62,11,Michigan,67,-5,0
2016,Play-In,16,Holy Cross,59,16,Southern,55,4,0
2016,Play-In,16,Fairleigh Dickinson,65,16,Florida Gulf Coast,96,-31,0
2015,National Championship,1,Wisconsin,63,1,Duke,68,-5,0
2015,Final Four,7,Michigan State,61,1,Duke,81,-20,6
2015,Final Four,1,Kentucky,64,1,Wisconsin,71,-7,0
2015,Elite Eight,1,Wisconsin,85,2,Arizona,78,7,-1
2015,Elite Eight,7,Michigan State,76,4,Louisville,70,6,3
2015,Elite Eight,1,Kentucky,68,3,Notre Dame,66,2,-2
2015,Elite Eight,1,Duke,66,2,Gonzaga,52,14,-1
2015,Sweet 16,1,Wisconsin,79,4,North Carolina,72,7,-3
2015,Sweet 16,3,Notre Dame,81,7,Wichita State,70,11,-4
2015,Sweet 16,11,UCLA,62,2,Gonzaga,74,-12,9
2015,Sweet 16,1,Kentucky,78,5,West Virginia,39,39,-4
2015,Sweet 16,1,Duke,63,5,Utah,57,6,-4
2015,Sweet 16,3,Oklahoma,58,7,Michigan State,62,-4,-4
2015,Sweet 16,8,North Carolina State,65,4,Louisville,75,-10,4
2015,Sweet 16,6,Xavier,60,2,Arizona,68,-8,4
2015,Second Round,5,Arkansas,78,4,North Carolina,87,-9,1
2015,Second Round,1,Wisconsin,72,8,Oregon,65,7,-7
2015,Second Round,5,West Virginia,69,4,Maryland,59,10,1
2015,Second Round,1,Kentucky,64,8,Cincinnati,51,13,-7
2015,Second Round,7,Michigan State,60,2,Virginia,54,6,5
2015,Second Round,11,UCLA,92,14,Alabama-Birmingham,75,17,-3
2015,Second Round,7,Wichita State,78,2,Kansas,65,13,5
2015,Second Round,10,Ohio State,58,2,Arizona,73,-15,8
2015,Second Round,1,Duke,68,8,San Diego State,49,19,-7
2015,Second Round,1,Villanova,68,8,North Carolina State,71,-3,-7
2015,Second Round,6,Xavier,75,14,Georgia State,67,8,-8
2015,Second Round,5,Northern Iowa,53,4,Louisville,66,-13,1
2015,Second Round,7,Iowa,68,2,Gonzaga,87,-19,5
2015,Second Round,11,Dayton,66,3,Oklahoma,72,-6,8
2015,Second Round,5,Utah,75,4,Georgetown,64,11,1
2015,Second Round,6,Butler,64,3,Notre Dame,67,-3,3
2015,First Round,5,Arkansas,56,12,Wofford,53,3,-7
2015,First Round,1,Wisconsin,86,16,Coastal Carolina,72,14,-15
2015,First Round,4,Maryland,65,13,Valparaiso,62,3,-9
2015,First Round,3,Notre Dame,69,14,Northeastern,65,4,-11
2015,First Round,1,Kentucky,79,16,Hampton,56,23,-15
2015,First Round,4,North Carolina,67,13,Harvard,65,2,-9
2015,First Round,7,Michigan State,70,10,Georgia,63,7,-3
2015,First Round,2,Virginia,79,15,Belmont,67,12,-13
2015,First Round,8,San Diego State,76,9,St. John's,64,12,-1
2015,First Round,7,Wichita State,81,10,Indiana,76,5,-3
2015,First Round,7,Virginia Commonwealth,72,10,Ohio State,75,-3,-3
2015,First Round,2,Arizona,93,15,Texas Southern,72,21,-13
2015,First Round,2,Gonzaga,86,15,North Dakota State,76,10,-13
2015,First Round,1,Duke,85,16,Robert Morris,56,29,-15
2015,First Round,2,Kansas,75,15,New Mexico State,56,19,-13
2015,First Round,3,Baylor,56,14,Georgia State,57,-1,-11
2015,First Round,1,Villanova,93,16,Lafayette,52,41,-15
2015,First Round,3,Oklahoma,69,14,Albany (N.Y.),60,9,-11
2015,First Round,8,North Carolina State,66,9,LSU,65,1,-1
2015,First Round,4,Louisville,57,13,UC Irvine,55,2,-9
2015,First Round,3,Iowa State,59,14,Alabama-Birmingham,60,-1,-11
2015,First Round,6,Xavier,76,11,Mississippi,57,19,-5
2015,First Round,5,Northern Iowa,71,12,Wyoming,54,17,-7
2015,First Round,4,Georgetown,84,13,Eastern Washington,74,10,-9
2015,First Round,7,Iowa,83,10,Davidson,52,31,-3
2015,First Round,8,Cincinnati,66,9,Purdue,65,1,-1
2015,First Round,6,Southern Methodist,59,11,UCLA,60,-1,-5
2015,First Round,8,Oregon,79,9,Oklahoma State,73,6,-1
2015,First Round,6,Providence,53,11,Dayton,66,-13,-5
2015,First Round,5,Utah,57,12,Stephen F. Austin,50,7,-7
2015,First Round,12,Buffalo,62,5,West Virginia,68,-6,7
2015,First Round,6,Butler,56,11,Texas,48,8,-5
2015,Play-In,11,Mississippi,94,11,Brigham Young,90,4,0
2015,Play-In,11,Dayton,56,11,Boise State,55,1,0
2015,Play-In,16,Manhattan,64,16,Hampton,74,-10,0
2015,Play-In,16,Robert Morris,81,16,North Florida,77,4,0
2014,National Championship,7,Connecticut,60,8,Kentucky,54,6,-1
2014,Final Four,2,Wisconsin,73,8,Kentucky,74,-1,-6
2014,Final Four,1,Florida,53,7,Connecticut,63,-10,-6
2014,Elite Eight,8,Kentucky,75,2,Michigan,72,3,6
2014,Elite Eight,4,Michigan State,54,7,Connecticut,60,-6,-3
2014,Elite Eight,1,Florida,62,11,Dayton,52,10,-10
2014,Elite Eight,1,Arizona,63,2,Wisconsin,64,-1,-1
2014,Sweet 16,8,Kentucky,74,4,Louisville,69,5,4
2014,Sweet 16,1,Virginia,59,4,Michigan State,61,-2,-3
2014,Sweet 16,1,Florida,79,4,UCLA,68,11,-3
2014,Sweet 16,1,Arizona,70,4,San Diego State,64,6,-3
2014,Sweet 16,6,Baylor,52,2,Wisconsin,69,-17,4
2014,Sweet 16,3,Iowa State,76,7,Connecticut,81,-5,-4
2014,Sweet 16,11,Dayton,82,10,Stanford,72,10,1
2014,Sweet 16,11,Tennessee,71,2,Michigan,73,-2,9
2014,Second Round,12,Harvard,73,4,Michigan State,80,-7,8
2014,Second Round,6,North Carolina,83,3,Iowa State,85,-2,3
2014,Second Round,1,Virginia,78,8,Memphis,60,18,-7
2014,Second Round,1,Florida,61,9,Pittsburgh,45,16,-8
2014,Second Round,1,Wichita State,76,8,Kentucky,78,-2,-7
2014,Second Round,1,Arizona,84,8,Gonzaga,61,23,-7
2014,Second Round,6,Baylor,85,3,Creighton,55,30,3
2014,Second Round,7,Texas,65,2,Michigan,79,-14,5
2014,Second Round,5,St. Louis,51,4,Louisville,66,-15,1
2014,Second Round,7,Oregon,77,2,Wisconsin,85,-8,5
2014,Second Round,12,North Dakota State,44,4,San Diego State,63,-19,8
2014,Second Round,7,Connecticut,77,2,Villanova,65,12,5
2014,Second Round,11,Dayton,55,3,Syracuse,53,2,8
2014,Second Round,10,Stanford,60,2,Kansas,57,3,8
2014,Second Round,12,Stephen F. Austin,60,4,UCLA,77,-17,8
2014,Second Round,11,Tennessee,83,14,Mercer,63,20,-3
2014,First Round,2,Wisconsin,75,15,American,35,40,-13
2014,First Round,8,Memphis,71,9,George Washington,66,5,-1
2014,First Round,2,Michigan,57,15,Wofford,40,17,-13
2014,First Round,8,Kentucky,56,9,Kansas State,49,7,-1
2014,First Round,4,San Diego State,73,13,New Mexico State,69,4,-9
2014,First Round,6,North Carolina,79,11,Providence,77,2,-5
2014,First Round,4,Michigan State,93,13,Delaware,78,15,-9
2014,First Round,1,Virginia,70,16,Coastal Carolina,59,11,-15
2014,First Round,4,UCLA,76,13,Tulsa,59,17,-9
2014,First Round,1,Florida,67,16,Albany (N.Y.),55,12,-15
2014,First Round,1,Wichita State,64,16,Cal-Poly,37,27,-15
2014,First Round,8,Gonzaga,85,9,Oklahoma State,77,8,-1
2014,First Round,3,Creighton,76,14,Louisiana-Lafayette,66,10,-11
2014,First Round,1,Arizona,68,16,Weber State,59,9,-15
2014,First Round,6,Ohio State,59,11,Dayton,60,-1,-5
2014,First Round,5,Virginia Commonwealth,75,12,Stephen F. Austin,77,-2,-7
2014,First Round,2,Kansas,80,15,Eastern Kentucky,69,11,-13
2014,First Round,3,Duke,71,14,Mercer,78,-7,-11
2014,First Round,5,Oklahoma,75,12,North Dakota State,80,-5,-7
2014,First Round,6,Baylor,74,11,Nebraska,60,14,-5
2014,First Round,2,Villanova,73,15,Milwaukee,53,20,-13
2014,First Round,3,Iowa State,93,14,North Carolina Central,75,18,-11
2014,First Round,3,Syracuse,77,14,Western Michigan,53,24,-11
2014,First Round,8,Colorado,48,9,Pittsburgh,77,-29,-1
2014,First Round,4,Louisville,71,13,Manhattan,64,7,-9
2014,First Round,5,Cincinnati,57,12,Harvard,61,-4,-7
2014,First Round,7,Texas,87,10,Arizona State,85,2,-3
2014,First Round,5,St. Louis,83,12,North Carolina State,80,3,-7
2014,First Round,7,Oregon,87,10,Brigham Young,68,19,-3
2014,First Round,7,Connecticut,89,10,St. Joseph's,81,8,-3
2014,First Round,7,New Mexico,53,10,Stanford,58,-5,-3
2014,First Round,6,Massachusetts,67,11,Tennessee,86,-19,-5
2014,Play-In,12,North Carolina State,74,12,Xavier,59,15,0
2014,Play-In,11,Iowa,65,11,Tennessee,78,-13,0
2014,Play-In,16,Albany (N.Y.),71,16,Mount St. Mary's,64,7,0
2014,Play-In,16,Cal-Poly,81,16,Texas Southern,69,12,0
2013,National Championship,1,Louisville,82,4,Michigan,76,6,-3
2013,Final Four,4,Michigan,61,4,Syracuse,56,5,0
2013,Final Four,1,Louisville,72,9,Wichita State,68,4,-8
2013,Elite Eight,4,Michigan,79,3,Florida,59,20,1
2013,Elite Eight,9,Wichita State,70,2,Ohio State,66,4,7
2013,Elite Eight,4,Syracuse,55,3,Marquette,39,16,1
2013,Elite Eight,1,Louisville,85,2,Duke,63,22,-1
2013,Sweet 16,9,Wichita State,72,13,La Salle,58,14,-4
2013,Sweet 16,1,Indiana,50,4,Syracuse,61,-11,-3
2013,Sweet 16,3,Florida,62,15,Florida Gulf Coast,50,12,-12
2013,Sweet 16,3,Michigan State,61,2,Duke,71,-10,1
2013,Sweet 16,6,Arizona,70,2,Ohio State,73,-3,4
2013,Sweet 16,1,Kansas,85,4,Michigan,87,-2,-3
2013,Sweet 16,3,Marquette,71,2,Miami (Fla.),61,10,1
2013,Sweet 16,1,Louisville,77,12,Oregon,69,8,-11
2013,Second Round,12,California,60,4,Syracuse,66,-6,8
2013,Second Round,6,Butler,72,3,Marquette,74,-2,3
2013,Second Round,6,Memphis,48,3,Michigan State,70,-22,3
2013,Second Round,1,Indiana,58,9,Temple,52,6,-8
2013,Second Round,7,San Diego State,71,15,Florida Gulf Coast,81,-10,-8
2013,Second Round,1,Gonzaga,70,9,Wichita State,76,-6,-8
2013,Second Round,6,Arizona,74,14,Harvard,51,23,-8
2013,Second Round,5,Virginia Commonwealth,53,4,Michigan,78,-25,1
2013,Second Round,1,Kansas,70,8,North Carolina,58,12,-7
2013,Second Round,7,Creighton,50,2,Duke,66,-16,5
2013,Second Round,10,Iowa State,75,2,Ohio State,78,-3,8
2013,Second Round,1,Louisville,82,8,Colorado State,56,26,-7
2013,Second Round,7,Illinois,59,2,Miami (Fla.),63,-4,5
2013,Second Round,11,Minnesota,64,3,Florida,78,-14,8
2013,Second Round,12,Mississippi,74,13,La Salle,76,-2,-1
2013,Second Round,12,Oregon,74,4,St. Louis,57,17,8
2013,First Round,5,Wisconsin,46,12,Mississippi,57,-11,-7
2013,First Round,7,Notre Dame,58,10,Iowa State,76,-18,-3
2013,First Round,6,Butler,68,11,Bucknell,56,12,-5
2013,First Round,6,UCLA,63,11,Minnesota,83,-20,-5
2013,First Round,4,Michigan,71,13,South Dakota State,56,15,-9
2013,First Round,8,Colorado State,84,9,Missouri,72,12,-1
2013,First Round,6,Memphis,54,11,St. Mary's (Cal.),52,2,-5
2013,First Round,3,New Mexico,62,14,Harvard,68,-6,-11
2013,First Round,1,Indiana,83,16,James Madison,62,21,-15
2013,First Round,8,North Carolina,78,9,Villanova,71,7,-1
2013,First Round,3,Florida,79,14,Northwestern State,47,32,-11
2013,First Round,7,San Diego State,70,10,Oklahoma,55,15,-3
2013,First Round,3,Michigan State,65,14,Valparaiso,54,11,-11
2013,First Round,2,Ohio State,95,15,Iona,70,25,-13
2013,First Round,1,Gonzaga,64,16,Southern,58,6,-15
2013,First Round,8,Pittsburgh,55,9,Wichita State,73,-18,-1
2013,First Round,6,Arizona,81,11,Belmont,64,17,-5
2013,First Round,2,Miami (Fla.),78,15,Pacific,49,29,-13
2013,First Round,5,Virginia Commonwealth,88,12,Akron,42,46,-7
2013,First Round,1,Kansas,64,16,Western Kentucky,57,7,-15
2013,First Round,2,Duke,73,15,Albany (N.Y.),61,12,-13
2013,First Round,7,Creighton,67,10,Cincinnati,63,4,-3
2013,First Round,4,Kansas State,61,13,La Salle,63,-2,-9
2013,First Round,8,North Carolina State,72,9,Temple,76,-4,-1
2013,First Round,3,Marquette,59,14,Davidson,58,1,-11
2013,First Round,4,Syracuse,81,13,Montana,34,47,-9
2013,First Round,1,Louisville,79,16,North Carolina A&T,48,31,-15
2013,First Round,7,Illinois,57,10,Colorado,49,8,-3
2013,First Round,2,Georgetown,68,15,Florida Gulf Coast,78,-10,-13
2013,First Round,5,Oklahoma State,55,12,Oregon,68,-13,-7
2013,First Round,4,St. Louis,64,13,New Mexico State,44,20,-9
2013,First Round,5,UNLV,61,12,California,64,-3,-7
2013,Play-In,16,North Carolina A&T,73,16,Liberty,72,1,0
2013,Play-In,11,Middle Tennessee State,54,11,St. Mary's (Cal.),67,-13,0
2013,Play-In,13,Boise State,71,13,La Salle,80,-9,0
2013,Play-In,16,Long Island,55,16,James Madison,68,-13,0
2012,National Championship,1,Kentucky,67,2,Kansas,59,8,-1
2012,Final Four,1,Kentucky,69,4,Louisville,61,8,-3
2012,Final Four,2,Ohio State,62,2,Kansas,64,-2,0
2012,Elite Eight,1,Kentucky,82,3,Baylor,70,12,-2
2012,Elite Eight,1,North Carolina,67,2,Kansas,80,-13,-1
2012,Elite Eight,4,Louisville,72,7,Florida,68,4,-3
2012,Elite Eight,1,Syracuse,70,2,Ohio State,77,-7,-1
2012,Sweet 16,1,Kentucky,102,4,Indiana,90,12,-3
2012,Sweet 16,1,Michigan State,44,4,Louisville,57,-13,-3
2012,Sweet 16,1,North Carolina,73,13,Ohio,65,8,-12
2012,Sweet 16,3,Marquette,58,7,Florida,68,-10,-4
2012,Sweet 16,1,Syracuse,64,4,Wisconsin,63,1,-3
2012,Sweet 16,3,Baylor,75,10,Xavier,70,5,-7
2012,Sweet 16,11,North Carolina State,57,2,Kansas,60,-3,9
2012,Sweet 16,6,Cincinnati,66,2,Ohio State,81,-15,4
2012,Second Round,5,Vanderbilt,57,4,Wisconsin,60,-3,1
2012,Second Round,1,Kentucky,87,8,Iowa State,71,16,-7
2012,Second Round,1,Michigan State,65,9,St. Louis,61,4,-8
2012,Second Round,5,New Mexico,56,4,Louisville,59,-3,1
2012,Second Round,6,Murray St.,53,3,Marquette,62,-9,3
2012,Second Round,7,Florida,84,15,Norfolk State,50,34,-8
2012,Second Round,1,North Carolina,87,8,Creighton,73,14,-7
2012,Second Round,7,Gonzaga,66,2,Ohio State,73,-7,5
2012,Second Round,12,Virginia Commonwealth,61,4,Indiana,63,-2,8
2012,Second Round,1,Syracuse,75,8,Kansas State,59,16,-7
2012,Second Round,11,Colorado,63,3,Baylor,80,-17,8
2012,Second Round,11,North Carolina State,66,3,Georgetown,63,3,8
2012,Second Round,12,South Florida,56,13,Ohio,62,-6,-1
2012,Second Round,6,Cincinnati,62,3,Florida State,56,6,3
2012,Second Round,10,Xavier,70,15,Lehigh,58,12,-5
2012,Second Round,10,Purdue,60,2,Kansas,63,-3,8
2012,First Round,8,Memphis,54,9,St. Louis,61,-7,-1
2012,First Round,5,Vanderbilt,79,12,Harvard,70,9,-7
2012,First Round,4,Wisconsin,73,13,Montana,49,24,-9
2012,First Round,7,Notre Dame,63,10,Xavier,67,-4,-3
2012,First Round,1,Kentucky,81,16,Western Kentucky,66,15,-15
2012,First Round,4,Michigan,60,13,Ohio,65,-5,-9
2012,First Round,1,Michigan State,89,16,Long Island,67,22,-15
2012,First Round,5,New Mexico,75,12,Long Beach State,68,7,-7
2012,First Round,6,Murray St.,58,11,Colorado State,41,17,-5
2012,First Round,7,Florida,71,10,Virginia,45,26,-3
2012,First Round,6,UNLV,64,11,Colorado,68,-4,-5
2012,First Round,4,Indiana,79,13,New Mexico State,66,13,-9
2012,First Round,5,Wichita State,59,12,Virginia Commonwealth,62,-3,-7
2012,First Round,1,North Carolina,77,16,Vermont,58,19,-15
2012,First Round,6,San Diego State,65,11,North Carolina State,79,-14,-5
2012,First Round,5,Temple,44,12,South Florida,58,-14,-7
2012,First Round,2,Ohio State,78,15,Loyola (Md.),59,19,-13
2012,First Round,3,Florida State,66,14,St. Bonaventure,63,3,-11
2012,First Round,7,Gonzaga,77,10,West Virginia,54,23,-3
2012,First Round,2,Duke,70,15,Lehigh,75,-5,-13
2012,First Round,2,Kansas,65,15,Detroit,50,15,-13
2012,First Round,8,Creighton,58,9,Alabama,57,1,-1
2012,First Round,3,Marquette,88,14,Brigham Young,68,20,-11
2012,First Round,4,Louisville,69,13,Davidson,62,7,-9
2012,First Round,2,Missouri,84,15,Norfolk State,86,-2,-13
2012,First Round,1,Syracuse,72,16,UNC Asheville,65,7,-15
2012,First Round,8,Kansas State,70,9,Southern Mississippi,64,6,-1
2012,First Round,3,Baylor,68,14,South Dakota State,60,8,-11
2012,First Round,8,Iowa State,77,9,Connecticut,64,13,-1
2012,First Round,7,St. Mary's (Cal.),69,10,Purdue,72,-3,-3
2012,First Round,6,Cincinnati,65,11,Texas,59,6,-5
2012,First Round,3,Georgetown,74,14,Belmont,59,15,-11
2012,Play-In,12,California,54,12,South Florida,65,-11,0
2012,Play-In,14,Brigham Young,78,14,Iona,72,6,0
2012,Play-In,16,Lamar,59,16,Vermont,71,-12,0
2012,Play-In,16,Mississippi Valley State,58,16,Western Kentucky,59,-1,0
2011,National Championship,3,Connecticut,53,8,Butler,41,12,-5
2011,Final Four,4,Kentucky,55,3,Connecticut,56,-1,1
2011,Final Four,11,Virginia Commonwealth,62,8,Butler,70,-8,3
2011,Elite Eight,4,Kentucky,76,2,North Carolina,69,7,2
2011,Elite Eight,8,Butler,74,2,Florida,71,3,6
2011,Elite Eight,5,Arizona,63,3,Connecticut,65,-2,2
2011,Elite Eight,1,Kansas,61,11,Virginia Commonwealth,71,-10,-10
2011,Sweet 16,3,Connecticut,74,2,San Diego State,67,7,1
2011,Sweet 16,8,Butler,61,4,Wisconsin,54,7,4
2011,Sweet 16,1,Ohio State,60,4,Kentucky,62,-2,-3
2011,Sweet 16,1,Duke,77,5,Arizona,93,-16,-4
2011,Sweet 16,11,Virginia Commonwealth,72,10,Florida State,71,1,1
2011,Sweet 16,1,Kansas,77,12,Richmond,57,20,-11
2011,Sweet 16,3,Brigham Young,74,2,Florida,83,-9,1
2011,Sweet 16,11,Marquette,63,2,North Carolina,81,-18,9
2011,Second Round,5,West Virginia,63,4,Kentucky,71,-8,1
2011,Second Round,7,UCLA,65,2,Florida,73,-8,5
2011,Second Round,7,Temple,64,2,San Diego State,71,-7,5
2011,Second Round,1,Duke,73,8,Michigan,71,2,-7
2011,Second Round,5,Arizona,70,4,Texas,69,1,1
2011,Second Round,1,Ohio State,98,8,George Mason,66,32,-7
2011,Second Round,10,Florida State,71,2,Notre Dame,57,14,8
2011,Second Round,11,Virginia Commonwealth,94,3,Purdue,76,18,8
2011,Second Round,1,Kansas,73,9,Illinois,59,14,-8
2011,Second Round,11,Gonzaga,67,3,Brigham Young,89,-22,8
2011,Second Round,1,Pittsburgh,70,8,Butler,71,-1,-7
2011,Second Round,11,Marquette,66,3,Syracuse,62,4,8
2011,Second Round,12,Richmond,65,13,Morehead State,48,17,-1
2011,Second Round,5,Kansas State,65,4,Wisconsin,70,-5,1
2011,Second Round,6,Cincinnati,58,3,Connecticut,69,-11,3
2011,Second Round,7,Washington,83,2,North Carolina,86,-3,5
2011,First Round,8,Michigan,75,9,Tennessee,45,30,-1
2011,First Round,3,Connecticut,81,14,Bucknell,52,29,-11
2011,First Round,5,West Virginia,84,12,Clemson,76,8,-7
2011,First Round,4,Kentucky,59,13,Princeton,57,2,-9
2011,First Round,5,Vanderbilt,66,12,Richmond,69,-3,-7
2011,First Round,7,Texas A&M,50,10,Florida State,57,-7,-3
2011,First Round,2,Notre Dame,69,15,Akron,56,13,-13
2011,First Round,7,UCLA,78,10,Michigan State,76,2,-3
2011,First Round,4,Wisconsin,72,13,Belmont,58,14,-9
2011,First Round,8,Butler,60,9,Old Dominion,58,2,-1
2011,First Round,2,San Diego State,68,15,Northern Colorado,50,18,-13
2011,First Round,7,Temple,66,10,Penn State,64,2,-3
2011,First Round,2,North Carolina,102,15,Long Island,87,15,-13
2011,First Round,2,Florida,79,15,UC Santa Barbara,51,28,-13
2011,First Round,1,Duke,87,16,Hampton,45,42,-15
2011,First Round,5,Arizona,77,12,Memphis,75,2,-7
2011,First Round,1,Ohio State,75,16,Texas-San Antonio,46,29,-15
2011,First Round,8,George Mason,61,9,Villanova,57,4,-1
2011,First Round,1,Kansas,72,16,Boston University,53,19,-15
2011,First Round,3,Brigham Young,74,14,Wofford,66,8,-11
2011,First Round,1,Pittsburgh,74,16,UNC Asheville,51,23,-15
2011,First Round,4,Texas,85,13,Oakland,81,4,-9
2011,First Round,3,Syracuse,77,14,Indiana State,60,17,-11
2011,First Round,8,UNLV,62,9,Illinois,73,-11,-1
2011,First Round,4,Louisville,61,13,Morehead State,62,-1,-9
2011,First Round,5,Kansas State,73,12,Utah State,68,5,-7
2011,First Round,6,Cincinnati,78,11,Missouri,63,15,-5
2011,First Round,6,Xavier,55,11,Marquette,66,-11,-5
2011,First Round,7,Washington,68,10,Georgia,65,3,-3
2011,First Round,6,Georgetown,56,11,Virginia Commonwealth,74,-18,-5
2011,First Round,3,Purdue,65,14,St. Peter's,43,22,-11
2011,First Round,6,St. John's,71,11,Gonzaga,86,-15,-5
2011,Play-In,16,UNC Asheville,81,16,Arkansas-Little Rock,77,4,0
2011,Play-In,12,Alabama-Birmingham,52,12,Clemson,70,-18,0
2011,Play-In,16,Texas-San Antonio,70,16,Alabama State,61,9,0
2011,Play-In,11,Southern California,46,11,Virginia Commonwealth,59,-13,0
2010,National Championship,5,Butler,59,1,Duke,61,-2,4
2010,Final Four,2,West Virginia,57,1,Duke,78,-21,1
2010,Final Four,5,Michigan State,50,5,Butler,52,-2,0
2010,Elite Eight,5,Butler,63,2,Kansas State,56,7,3
2010,Elite Eight,1,Kentucky,66,2,West Virginia,73,-7,-1
2010,Elite Eight,5,Michigan State,70,6,Tennessee,69,1,-1
2010,Elite Eight,1,Duke,78,3,Baylor,71,7,-2
2010,Sweet 16,1,Kentucky,62,12,Cornell,45,17,-11
2010,Sweet 16,1,Duke,70,4,Purdue,57,13,-3
2010,Sweet 16,1,Syracuse,59,5,Butler,63,-4,-4
2010,Sweet 16,3,Baylor,72,10,St. Mary's (Cal.),49,23,-7
2010,Sweet 16,6,Xavier,96,2,Kansas State,101,-5,4
2010,Sweet 16,11,Washington,56,2,West Virginia,69,-13,9
2010,Sweet 16,6,Tennessee,76,2,Ohio State,73,3,4
2010,Sweet 16,9,Northern Iowa,52,5,Michigan State,59,-7,4
2010,Second Round,5,Butler,54,13,Murray St.,52,2,-8
2010,Second Round,10,Missouri,59,2,West Virginia,68,-9,8
2010,Second Round,1,Kentucky,90,9,Wake Forest,60,30,-8
2010,Second Round,5,Texas A&M,61,4,Purdue,63,-2,1
2010,Second Round,5,Michigan State,85,4,Maryland,83,2,1
2010,Second Round,7,Brigham Young,72,2,Kansas State,84,-12,5
2010,Second Round,12,Cornell,87,4,Wisconsin,69,18,8
2010,Second Round,1,Duke,68,8,California,53,15,-7
2010,Second Round,1,Kansas,67,9,Northern Iowa,69,-2,-8
2010,Second Round,1,Syracuse,87,8,Gonzaga,65,22,-7
2010,Second Round,10,St. Mary's (Cal.),75,2,Villanova,68,7,8
2010,Second Round,11,Old Dominion,68,3,Baylor,76,-8,8
2010,Second Round,6,Xavier,71,3,Pittsburgh,68,3,3
2010,Second Round,11,Washington,82,3,New Mexico,64,18,8
2010,Second Round,6,Tennessee,83,14,Ohio,68,15,-8
2010,Second Round,10,Georgia Tech,66,2,Ohio State,75,-9,8
2010,First Round,4,Vanderbilt,65,13,Murray St.,66,-1,-9
2010,First Round,5,Butler,77,12,UTEP,59,18,-7
2010,First Round,4,Wisconsin,53,13,Wofford,49,4,-9
2010,First Round,2,West Virginia,77,15,Morgan State,50,27,-13
2010,First Round,1,Kentucky,100,16,East Tennessee State,71,29,-15
2010,First Round,8,California,77,9,Louisville,62,15,-1
2010,First Round,5,Texas A&M,69,12,Utah State,53,16,-7
2010,First Round,6,Notre Dame,50,11,Old Dominion,51,-1,-5
2010,First Round,3,New Mexico,62,14,Montana,57,5,-11
2010,First Round,5,Temple,65,12,Cornell,78,-13,-7
2010,First Round,5,Michigan State,70,12,New Mexico State,67,3,-7
2010,First Round,8,Gonzaga,67,9,Florida State,60,7,-1
2010,First Round,7,Brigham Young,99,10,Florida,92,7,-3
2010,First Round,3,Pittsburgh,89,14,Oakland,66,23,-11
2010,First Round,1,Duke,73,16,Arkansas-Pine Bluff,44,29,-15
2010,First Round,2,Ohio State,68,15,UC Santa Barbara,51,17,-13
2010,First Round,1,Kansas,90,16,Lehigh,74,16,-15
2010,First Round,1,Syracuse,79,16,Vermont,56,23,-15
2010,First Round,2,Kansas State,82,15,North Texas,62,20,-13
2010,First Round,6,Marquette,78,11,Washington,80,-2,-5
2010,First Round,8,Texas,80,9,Wake Forest,81,-1,-1
2010,First Round,2,Villanova,73,15,Robert Morris,70,3,-13
2010,First Round,3,Baylor,68,14,Sam Houston State,59,9,-11
2010,First Round,7,Richmond,71,10,St. Mary's (Cal.),80,-9,-3
2010,First Round,8,UNLV,66,9,Northern Iowa,69,-3,-1
2010,First Round,6,Xavier,65,11,Minnesota,54,11,-5
2010,First Round,7,Clemson,78,10,Missouri,86,-8,-3
2010,First Round,4,Purdue,72,13,Siena,64,8,-9
2010,First Round,3,Georgetown,83,14,Ohio,97,-14,-11
2010,First Round,6,Tennessee,62,11,San Diego State,59,3,-5
2010,First Round,4,Maryland,89,13,Houston,77,12,-9
2010,First Round,7,Oklahoma State,59,10,Georgia Tech,64,-5,-3
2010,Play-In,16,Arkansas-Pine Bluff,61,16,Winthrop,44,17,0
2009,National Championship,2,Michigan State,72,1,North Carolina,89,-17,1
2009,Final Four,2,Michigan State,82,1,Connecticut,73,9,1
2009,Final Four,3,Villanova,69,1,North Carolina,83,-14,2
2009,Elite Eight,1,Connecticut,82,3,Missouri,75,7,-2
2009,Elite Eight,1,North Carolina,72,2,Oklahoma,60,12,-1
2009,Elite Eight,1,Pittsburgh,76,3,Villanova,78,-2,-2
2009,Elite Eight,1,Louisville,52,2,Michigan State,64,-12,-1
2009,Sweet 16,3,Missouri,102,2,Memphis,91,11,1
2009,Sweet 16,1,Connecticut,72,5,Purdue,60,12,-4
2009,Sweet 16,1,North Carolina,98,4,Gonzaga,77,21,-3
2009,Sweet 16,1,Pittsburgh,60,4,Xavier,55,5,-3
2009,Sweet 16,3,Kansas,62,2,Michigan State,67,-5,1
2009,Sweet 16,3,Villanova,77,2,Duke,54,23,1
2009,Sweet 16,3,Syracuse,71,2,Oklahoma,84,-13,1
2009,Sweet 16,1,Louisville,103,12,Arizona,64,39,-11
2009,Second Round,1,Connecticut,92,9,Texas A&M,66,26,-8
2009,Second Round,6,UCLA,69,3,Villanova,89,-20,3
2009,Second Round,12,Wisconsin,49,4,Xavier,60,-11,8
2009,Second Round,10,Michigan,63,2,Oklahoma,73,-10,8
2009,Second Round,1,North Carolina,84,8,LSU,70,14,-7
2009,Second Round,1,Pittsburgh,84,8,Oklahoma State,76,8,-7
2009,Second Round,6,Marquette,79,3,Missouri,83,-4,3
2009,Second Round,7,Texas,69,2,Duke,74,-5,5
2009,Second Round,1,Louisville,79,9,Siena,62,17,-8
2009,Second Round,5,Purdue,76,4,Washington,74,2,1
2009,Second Round,10,Maryland,70,2,Memphis,89,-19,8
2009,Second Round,10,Southern California,69,2,Michigan State,74,-5,8
2009,Second Round,6,Arizona State,67,3,Syracuse,78,-11,3
2009,Second Round,12,Western Kentucky,81,4,Gonzaga,83,-2,8
2009,Second Round,12,Arizona,71,13,Cleveland State,57,14,-1
2009,Second Round,11,Dayton,43,3,Kansas,60,-17,8
2009,First Round,3,Missouri,78,14,Cornell,59,19,-11
2009,First Round,7,California,71,10,Maryland,84,-13,-3
2009,First Round,1,Connecticut,103,16,Chattanooga,47,56,-15
2009,First Round,2,Memphis,81,15,Cal State Northridge,70,11,-13
2009,First Round,6,UCLA,65,11,Virginia Commonwealth,64,1,-5
2009,First Round,6,West Virginia,60,11,Dayton,68,-8,-5
2009,First Round,1,North Carolina,101,16,Radford,58,43,-15
2009,First Round,2,Michigan State,77,15,Robert Morris,62,15,-13
2009,First Round,8,Brigham Young,66,9,Texas A&M,79,-13,-1
2009,First Round,5,Florida State,59,12,Wisconsin,61,-2,-7
2009,First Round,2,Duke,86,15,Binghamton,62,24,-13
2009,First Round,1,Pittsburgh,72,16,East Tennessee State,62,10,-15
2009,First Round,4,Xavier,77,13,Portland State,59,18,-9
2009,First Round,4,Gonzaga,77,13,Akron,64,13,-9
2009,First Round,8,Ohio State,72,9,Siena,74,-2,-1
2009,First Round,3,Kansas,84,14,North Dakota State,74,10,-11
2009,First Round,6,Marquette,58,11,Utah State,57,1,-5
2009,First Round,3,Villanova,80,14,American,67,13,-11
2009,First Round,7,Texas,76,10,Minnesota,62,14,-3
2009,First Round,5,Illinois,72,12,Western Kentucky,76,-4,-7
2009,First Round,3,Syracuse,59,14,Stephen F. Austin,44,15,-11
2009,First Round,1,Louisville,74,16,Morehead State,54,20,-15
2009,First Round,5,Purdue,61,12,Northern Iowa,56,5,-7
2009,First Round,4,Washington,71,13,Mississippi State,58,13,-9
2009,First Round,8,Oklahoma State,77,9,Tennessee,75,2,-1
2009,First Round,7,Clemson,59,10,Michigan,62,-3,-3
2009,First Round,4,Wake Forest,69,13,Cleveland State,84,-15,-9
2009,First Round,5,Utah,71,12,Arizona,84,-13,-7
2009,First Round,2,Oklahoma,82,15,Morgan State,54,28,-13
2009,First Round,6,Arizona State,66,11,Temple,57,9,-5
2009,First Round,8,LSU,75,9,Butler,71,4,-1
2009,First Round,7,Boston College,55,10,Southern California,72,-17,-3
2009,Play-In,16,Morehead State,58,16,Alabama State,43,15,0
2008,National Championship,1,Kansas,75,1,Memphis,68,7,0
2008,Final Four,1,Memphis,78,1,UCLA,63,15,0
2008,Final Four,1,North Carolina,66,1,Kansas,84,-18,0
2008,Elite Eight,1,UCLA,76,3,Xavier,57,19,-2
2008,Elite Eight,1,Memphis,85,2,Texas,67,18,-1
2008,Elite Eight,1,North Carolina,83,3,Louisville,73,10,-2
2008,Elite Eight,1,Kansas,59,10,Davidson,57,2,-9
2008,Sweet 16,1,UCLA,88,12,Western Kentucky,78,10,-11
2008,Sweet 16,1,Memphis,92,5,Michigan State,74,18,-4
2008,Sweet 16,3,Wisconsin,56,10,Davidson,73,-17,-7
2008,Sweet 16,1,North Carolina,68,4,Washington State,47,21,-3
2008,Sweet 16,3,Xavier,79,7,West Virginia,75,4,-4
2008,Sweet 16,1,Kansas,72,12,Villanova,57,15,-11
2008,Sweet 16,3,Louisville,79,2,Tennessee,60,19,1
2008,Sweet 16,3,Stanford,62,2,Texas,82,-20,1
2008,Second Round,1,UCLA,51,9,Texas A&M,49,2,-8
2008,Second Round,7,West Virginia,73,2,Duke,67,6,5
2008,Second Round,7,Butler,71,2,Tennessee,76,-5,5
2008,Second Round,5,Notre Dame,41,4,Washington State,61,-20,1
2008,Second Round,1,Memphis,77,8,Mississippi State,74,3,-7
2008,Second Round,1,North Carolina,108,9,Arkansas,77,31,-8
2008,Second Round,5,Michigan State,65,4,Pittsburgh,54,11,1
2008,Second Round,6,Marquette,81,3,Stanford,82,-1,3
2008,Second Round,1,Kansas,75,8,UNLV,56,19,-7
2008,Second Round,10,Davidson,74,2,Georgetown,70,4,8
2008,Second Round,7,Miami (Fla.),72,2,Texas,75,-3,5
2008,Second Round,12,Villanova,84,13,Siena,72,12,-1
2008,Second Round,11,Kansas State,55,3,Wisconsin,72,-17,8
2008,Second Round,6,Purdue,78,3,Xavier,85,-7,3
2008,Second Round,12,Western Kentucky,72,13,San Diego,63,9,-1
2008,Second Round,6,Oklahoma,48,3,Louisville,78,-30,3
2008,First Round,1,UCLA,70,16,Mississippi Valley State,29,41,-15
2008,First Round,7,West Virginia,75,10,Arizona,65,10,-3
2008,First Round,4,Connecticut,69,13,San Diego,70,-1,-9
2008,First Round,7,Butler,81,10,South Alabama,61,20,-3
2008,First Round,5,Notre Dame,68,12,George Mason,50,18,-7
2008,First Round,1,Memphis,87,16,Texas-Arlington,63,24,-15
2008,First Round,4,Vanderbilt,62,13,Siena,83,-21,-9
2008,First Round,3,Wisconsin,71,14,Cal State Fullerton,56,15,-11
2008,First Round,1,North Carolina,113,16,Mount St. Mary's,74,39,-15
2008,First Round,4,Washington State,71,13,Winthrop,40,31,-9
2008,First Round,5,Michigan State,72,12,Temple,61,11,-7
2008,First Round,6,Marquette,74,11,Kentucky,66,8,-5
2008,First Round,2,Duke,71,15,Belmont,70,1,-13
2008,First Round,8,Brigham Young,62,9,Texas A&M,67,-5,-1
2008,First Round,3,Xavier,73,14,Georgia,61,12,-11
2008,First Round,4,Pittsburgh,82,13,Oral Roberts,63,19,-9
2008,First Round,7,Gonzaga,76,10,Davidson,82,-6,-3
2008,First Round,1,Kansas,85,16,Portland State,61,24,-15
2008,First Round,3,Louisville,79,14,Boise State,61,18,-11
2008,First Round,7,Miami (Fla.),78,10,St. Mary's (Cal.),64,14,-3
2008,First Round,2,Texas,74,15,Austin Peay,54,20,-13
2008,First Round,8,UNLV,71,9,Kent State,58,13,-1
2008,First Round,6,Purdue,90,11,Baylor,79,11,-5
2008,First Round,2,Tennessee,72,15,American,57,15,-13
2008,First Round,2,Georgetown,66,15,Maryland-Baltimore County,47,19,-13
2008,First Round,5,Clemson,69,12,Villanova,75,-6,-7
2008,First Round,6,Southern California,67,11,Kansas State,80,-13,-5
2008,First Round,5,Drake,99,12,Western Kentucky,101,-2,-7
2008,First Round,6,Oklahoma,72,11,St. Joseph's,64,8,-5
2008,First Round,8,Indiana,72,9,Arkansas,86,-14,-1
2008,First Round,8,Mississippi State,76,9,Oregon,69,7,-1
2008,First Round,3,Stanford,77,14,Cornell,53,24,-11
2008,Play-In,16,Mount St. Mary's,69,16,Coppin State,60,9,0
2007,National Championship,1,Florida,84,1,Ohio State,75,9,0
2007,Final Four,1,Florida,76,2,UCLA,66,10,-1
2007,Final Four,2,Georgetown,60,1,Ohio State,67,-7,1
2007,Elite Eight,1,North Carolina,84,2,Georgetown,96,-12,-1
2007,Elite Eight,1,Florida,85,3,Oregon,77,8,-2
2007,Elite Eight,1,Kansas,55,2,UCLA,68,-13,-1
2007,Elite Eight,1,Ohio State,92,2,Memphis,76,16,-1
2007,Sweet 16,6,Vanderbilt,65,2,Georgetown,66,-1,4
2007,Sweet 16,1,North Carolina,74,5,Southern California,64,10,-4
2007,Sweet 16,1,Florida,65,5,Butler,57,8,-4
2007,Sweet 16,1,Kansas,61,4,Southern Illinois,58,3,-3
2007,Sweet 16,3,Pittsburgh,55,2,UCLA,64,-9,1
2007,Sweet 16,1,Ohio State,85,5,Tennessee,84,1,-4
2007,Sweet 16,3,Texas A&M,64,2,Memphis,65,-1,1
2007,Sweet 16,3,Oregon,76,7,UNLV,72,4,-4
2007,Second Round,11,Virginia Commonwealth,79,3,Pittsburgh,84,-5,8
2007,Second Round,6,Vanderbilt,78,3,Washington State,74,4,3
2007,Second Round,1,North Carolina,81,9,Michigan State,67,14,-8
2007,Second Round,1,Florida,74,9,Purdue,67,7,-8
2007,Second Round,11,Winthrop,61,3,Oregon,75,-14,8
2007,Second Round,1,Kansas,88,8,Kentucky,76,12,-7
2007,Second Round,1,Ohio State,78,9,Xavier,71,7,-8
2007,Second Round,6,Louisville,69,3,Texas A&M,72,-3,3
2007,Second Round,7,UNLV,74,2,Wisconsin,68,6,5
2007,Second Round,5,Tennessee,77,4,Virginia,74,3,1
2007,Second Round,5,Southern California,87,4,Texas,68,19,1
2007,Second Round,5,Virginia Tech,48,4,Southern Illinois,63,-15,1
2007,Second Round,7,Indiana,49,2,UCLA,54,-5,5
2007,Second Round,7,Boston College,55,2,Georgetown,62,-7,5
2007,Second Round,7,Nevada,62,2,Memphis,78,-16,5
2007,Second Round,5,Butler,62,4,Maryland,59,3,1
2007,First Round,2,UCLA,70,15,Weber State,42,28,-13
2007,First Round,6,Vanderbilt,77,11,George Washington,44,33,-5
2007,First Round,2,Memphis,73,15,North Texas,58,15,-13
2007,First Round,2,Wisconsin,76,15,Texas A&M-Corpus Christi,63,13,-13
2007,First Round,6,Notre Dame,64,11,Winthrop,74,-10,-5
2007,First Round,1,North Carolina,86,16,Eastern Kentucky,65,21,-15
2007,First Round,8,Marquette,49,9,Michigan State,61,-12,-1
2007,First Round,3,Washington State,70,14,Oral Roberts,54,16,-11
2007,First Round,1,Florida,112,16,Jackson State,69,43,-15
2007,First Round,6,Duke,77,11,Virginia Commonwealth,79,-2,-5
2007,First Round,1,Kansas,107,16,Niagara,67,40,-15
2007,First Round,3,Pittsburgh,79,14,Wright State,58,21,-11
2007,First Round,1,Ohio State,78,16,Central Connecticut State,57,21,-15
2007,First Round,8,Brigham Young,77,9,Xavier,79,-2,-1
2007,First Round,4,Texas,79,13,New Mexico State,67,12,-9
2007,First Round,6,Louisville,78,11,Stanford,58,20,-5
2007,First Round,7,UNLV,67,10,Georgia Tech,63,4,-3
2007,First Round,8,Kentucky,67,9,Villanova,58,9,-1
2007,First Round,2,Georgetown,80,15,Belmont,55,25,-13
2007,First Round,5,Tennessee,121,12,Long Beach State,86,35,-7
2007,First Round,4,Maryland,82,13,Davidson,70,12,-9
2007,First Round,8,Arizona,63,9,Purdue,72,-9,-1
2007,First Round,5,Southern California,77,12,Arkansas,60,17,-7
2007,First Round,5,Virginia Tech,54,12,Illinois,52,2,-7
2007,First Round,7,Indiana,70,10,Gonzaga,57,13,-3
2007,First Round,4,Southern Illinois,61,13,Holy Cross,51,10,-9
2007,First Round,7,Boston College,84,10,Texas Tech,75,9,-3
2007,First Round,3,Texas A&M,68,14,Penn,52,16,-11
2007,First Round,7,Nevada,77,10,Creighton,71,6,-3
2007,First Round,4,Virginia,84,13,Albany (N.Y.),57,27,-9
2007,First Round,3,Oregon,58,14,Miami (Ohio),56,2,-11
2007,First Round,5,Butler,57,12,Old Dominion,46,11,-7
2007,Play-In,16,Niagara,77,16,Florida A&M,69,8,0
2006,National Championship,2,UCLA,57,3,Florida,73,-16,-1
2006,Final Four,11,George Mason,58,3,Florida,73,-15,8
2006,Final Four,4,LSU,45,2,UCLA,59,-14,2
2006,Elite Eight,1,Memphis,45,2,UCLA,50,-5,-1
2006,Elite Eight,1,Connecticut,84,11,George Mason,86,-2,-10
2006,Elite Eight,1,Villanova,62,3,Florida,75,-13,-2
2006,Elite Eight,4,LSU,70,2,Texas,60,10,2
2006,Sweet 16,1,Memphis,80,13,Bradley,64,16,-12
2006,Sweet 16,1,Connecticut,98,5,Washington,92,6,-4
2006,Sweet 16,6,West Virginia,71,2,Texas,74,-3,4
2006,Sweet 16,3,Florida,57,7,Georgetown,53,4,-4
2006,Sweet 16,3,Gonzaga,71,2,UCLA,73,-2,1
2006,Sweet 16,11,George Mason,63,7,Wichita State,55,8,4
2006,Sweet 16,1,Duke,54,4,LSU,62,-8,-3
2006,Sweet 16,1,Villanova,60,4,Boston College,59,1,-3
2006,Second Round,1,Memphis,72,9,Bucknell,56,16,-8
2006,Second Round,7,Wichita State,80,2,Tennessee,73,7,5
2006,Second Round,1,Connecticut,87,8,Kentucky,83,4,-7
2006,Second Round,6,West Virginia,67,14,Northwestern State,54,13,-8
2006,Second Round,6,Indiana,80,3,Gonzaga,90,-10,3
2006,Second Round,5,Pittsburgh,66,13,Bradley,72,-6,-8
2006,Second Round,11,George Mason,65,3,North Carolina,60,5,8
2006,Second Round,1,Duke,70,8,George Washington,64,6,-7
2006,Second Round,10,Alabama,59,2,UCLA,62,-3,8
2006,Second Round,1,Villanova,82,8,Arizona,78,4,-7
2006,Second Round,5,Washington,67,4,Illinois,64,3,1
2006,Second Round,7,Georgetown,70,2,Ohio State,52,18,5
2006,Second Round,10,North Carolina State,54,2,Texas,75,-21,8
2006,Second Round,12,Texas A&M,57,4,LSU,58,-1,8
2006,Second Round,12,Montana,56,4,Boston College,69,-13,8
2006,Second Round,11,Milwaukee,60,3,Florida,82,-22,8
2006,First Round,2,UCLA,78,15,Belmont,44,34,-13
2006,First Round,1,Memphis,94,16,Oral Roberts,78,16,-15
2006,First Round,7,Wichita State,86,10,Seton Hall,66,20,-3
2006,First Round,1,Connecticut,72,16,Albany (N.Y.),59,13,-15
2006,First Round,6,West Virginia,64,11,Southern Illinois,46,18,-5
2006,First Round,7,Marquette,85,10,Alabama,90,-5,-3
2006,First Round,6,Indiana,87,11,San Diego State,83,4,-5
2006,First Round,3,North Carolina,69,14,Murray St.,65,4,-11
2006,First Round,6,Michigan State,65,11,George Mason,75,-10,-5
2006,First Round,3,Iowa,63,14,Northwestern State,64,-1,-11
2006,First Round,3,Florida,76,14,South Alabama,50,26,-11
2006,First Round,3,Gonzaga,79,14,Xavier,75,4,-11
2006,First Round,4,Kansas,73,13,Bradley,77,-4,-9
2006,First Round,5,Pittsburgh,79,12,Kent State,64,15,-7
2006,First Round,1,Duke,70,16,Southern,54,16,-15
2006,First Round,2,Ohio State,70,15,Davidson,62,8,-13
2006,First Round,8,Arkansas,55,9,Bucknell,59,-4,-1
2006,First Round,4,Illinois,78,13,Air Force,69,9,-9
2006,First Round,5,Syracuse,58,12,Texas A&M,66,-8,-7
2006,First Round,2,Texas,60,15,Penn,52,8,-13
2006,First Round,1,Villanova,58,16,Monmouth,45,13,-15
2006,First Round,2,Tennessee,63,15,Winthrop,61,2,-13
2006,First Round,8,Kentucky,72,9,Alabama-Birmingham,59,13,-1
2006,First Round,5,Washington,75,12,Utah State,61,14,-7
2006,First Round,7,Georgetown,54,10,Northern Iowa,49,5,-3
2006,First Round,8,Arizona,94,9,Wisconsin,75,19,-1
2006,First Round,7,California,52,10,North Carolina State,58,-6,-3
2006,First Round,8,George Washington,88,9,UNC Wilmington,85,3,-1
2006,First Round,4,LSU,80,13,Iona,64,16,-9
2006,First Round,6,Oklahoma,74,11,Milwaukee,82,-8,-5
2006,First Round,4,Boston College,88,13,Pacific,76,12,-9
2006,First Round,5,Nevada,79,12,Montana,87,-8,-7
2006,Play-In,16,Monmouth,71,16,Hampton,49,22,0
2005,National Championship,1,Illinois,70,1,North Carolina,75,-5,0
2005,Final Four,1,North Carolina,87,5,Michigan State,71,16,-4
2005,Final Four,1,Illinois,75,4,Louisville,58,17,-3
2005,Elite Eight,1,North Carolina,88,6,Wisconsin,82,6,-5
2005,Elite Eight,5,Michigan State,94,2,Kentucky,88,6,3
2005,Elite Eight,4,Louisville,93,7,West Virginia,85,8,-3
2005,Elite Eight,1,Illinois,90,3,Arizona,89,1,-2
2005,Sweet 16,6,Wisconsin,65,10,North Carolina State,56,9,-4
2005,Sweet 16,1,North Carolina,67,5,Villanova,66,1,-4
2005,Sweet 16,1,Duke,68,5,Michigan State,78,-10,-4
2005,Sweet 16,1,Illinois,77,12,Milwaukee,63,14,-11
2005,Sweet 16,1,Washington,79,4,Louisville,93,-14,-3
2005,Sweet 16,3,Arizona,79,2,Oklahoma State,78,1,1
2005,Sweet 16,6,Texas Tech,60,7,West Virginia,65,-5,-1
2005,Sweet 16,6,Utah,52,2,Kentucky,62,-10,4
2005,Second Round,7,West Virginia,111,2,Wake Forest,105,6,5
2005,Second Round,6,Wisconsin,71,14,Bucknell,62,9,-8
2005,Second Round,7,Cincinnati,60,2,Kentucky,69,-9,5
2005,Second Round,11,Alabama-Birmingham,63,3,Arizona,85,-22,8
2005,Second Round,1,North Carolina,92,9,Iowa State,65,27,-8
2005,Second Round,5,Michigan State,72,13,Vermont,61,11,-8
2005,Second Round,1,Duke,63,9,Mississippi State,55,8,-8
2005,Second Round,5,Villanova,76,4,Florida,65,11,1
2005,Second Round,1,Illinois,71,9,Nevada,59,12,-8
2005,Second Round,5,Georgia Tech,54,4,Louisville,76,-22,1
2005,Second Round,1,Washington,97,8,Pacific,79,18,-7
2005,Second Round,12,Milwaukee,85,4,Boston College,63,22,8
2005,Second Round,6,Texas Tech,71,3,Gonzaga,69,2,3
2005,Second Round,10,North Carolina State,65,2,Connecticut,62,3,8
2005,Second Round,6,Utah,67,3,Oklahoma,58,9,3
2005,Second Round,7,Southern Illinois,77,2,Oklahoma State,85,-8,5
2005,First Round,7,West Virginia,63,10,Creighton,61,2,-3
2005,First Round,6,Wisconsin,57,11,Northern Iowa,52,5,-5
2005,First Round,2,Connecticut,77,15,Central Florida,71,6,-13
2005,First Round,7,Cincinnati,76,10,Iowa,64,12,-3
2005,First Round,1,North Carolina,96,16,Oakland,68,28,-15
2005,First Round,4,Florida,67,13,Ohio,62,5,-9
2005,First Round,5,Michigan State,89,12,Old Dominion,81,8,-7
2005,First Round,3,Gonzaga,74,14,Winthrop,64,10,-11
2005,First Round,3,Kansas,63,14,Bucknell,64,-1,-11
2005,First Round,1,Duke,57,16,Delaware State,46,11,-15
2005,First Round,4,Louisville,68,13,Louisiana-Lafayette,62,6,-9
2005,First Round,5,Villanova,55,12,New Mexico,47,8,-7
2005,First Round,8,Minnesota,53,9,Iowa State,64,-11,-1
2005,First Round,4,Syracuse,57,13,Vermont,60,-3,-9
2005,First Round,5,Alabama,73,12,Milwaukee,83,-10,-7
2005,First Round,1,Illinois,67,16,Fairleigh Dickinson,55,12,-15
2005,First Round,8,Texas,57,9,Nevada,61,-4,-1
2005,First Round,5,Georgia Tech,80,12,George Washington,68,12,-7
2005,First Round,1,Washington,88,16,Montana,77,11,-15
2005,First Round,2,Kentucky,72,15,Eastern Kentucky,64,8,-13
2005,First Round,3,Arizona,66,14,Utah State,53,13,-11
2005,First Round,2,Oklahoma State,63,15,Southeastern Louisiana,50,13,-13
2005,First Round,6,Texas Tech,78,11,UCLA,66,12,-5
2005,First Round,2,Wake Forest,70,15,Chattanooga,54,16,-13
2005,First Round,8,Pacific,79,9,Pittsburgh,71,8,-1
2005,First Round,7,Charlotte,63,10,North Carolina State,75,-12,-3
2005,First Round,3,Oklahoma,84,14,Niagara,67,17,-11
2005,First Round,8,Stanford,70,9,Mississippi State,93,-23,-1
2005,First Round,6,Utah,60,11,UTEP,54,6,-5
2005,First Round,4,Boston College,85,13,Penn,65,20,-9
2005,First Round,7,Southern Illinois,65,10,St. Mary's (Cal.),56,9,-3
2005,First Round,6,LSU,68,11,Alabama-Birmingham,82,-14,-5
2005,Play-In,16,Oakland,79,16,Alabama A&M,69,10,0
2004,National Championship,3,Georgia Tech,73,2,Connecticut,82,-9,1
2004,Final Four,1,Duke,78,2,Connecticut,79,-1,-1
2004,Final Four,3,Georgia Tech,67,2,Oklahoma State,65,2,1
2004,Elite Eight,1,Duke,66,7,Xavier,63,3,-6
2004,Elite Eight,4,Kansas,71,3,Georgia Tech,79,-8,1
2004,Elite Eight,8,Alabama,71,2,Connecticut,87,-16,6
2004,Elite Eight,1,St. Joseph's,62,2,Oklahoma State,64,-2,-1
2004,Sweet 16,6,Vanderbilt,53,2,Connecticut,73,-20,4
2004,Sweet 16,9,Alabama-Birmingham,74,4,Kansas,100,-26,5
2004,Sweet 16,3,Pittsburgh,51,2,Oklahoma State,63,-12,1
2004,Sweet 16,1,Duke,72,5,Illinois,62,10,-4
2004,Sweet 16,8,Alabama,80,5,Syracuse,71,9,3
2004,Sweet 16,3,Texas,71,7,Xavier,79,-8,-4
2004,Sweet 16,3,Georgia Tech,72,10,Nevada,67,5,-7
2004,Sweet 16,1,St. Joseph's,84,4,Wake Forest,80,4,-3
2004,Second Round,6,Vanderbilt,75,3,North Carolina State,73,2,3
2004,Second Round,1,Stanford,67,8,Alabama,70,-3,-7
2004,Second Round,6,Wisconsin,55,3,Pittsburgh,59,-4,3
2004,Second Round,7,Memphis,53,2,Oklahoma State,70,-17,5
2004,Second Round,6,North Carolina,75,3,Texas,78,-3,3
2004,Second Round,7,Xavier,89,2,Mississippi State,74,15,5
2004,Second Round,1,Duke,90,8,Seton Hall,62,28,-7
2004,Second Round,5,Syracuse,72,4,Maryland,70,2,1
2004,Second Round,5,Illinois,92,4,Cincinnati,68,24,1
2004,Second Round,1,Kentucky,75,9,Alabama-Birmingham,76,-1,-8
2004,Second Round,7,DePaul,55,2,Connecticut,72,-17,5
2004,Second Round,1,St. Joseph's,70,8,Texas Tech,65,5,-7
2004,Second Round,12,Manhattan,80,4,Wake Forest,84,-4,8
2004,Second Round,6,Boston College,54,3,Georgia Tech,57,-3,3
2004,Second Round,10,Nevada,91,2,Gonzaga,72,19,8
2004,Second Round,12,Pacific,63,4,Kansas,78,-15,8
2004,First Round,6,Vanderbilt,71,11,Western Michigan,58,13,-5
2004,First Round,1,Stanford,71,16,Texas-San Antonio,45,26,-15
2004,First Round,2,Connecticut,70,15,Vermont,53,17,-13
2004,First Round,6,Wisconsin,76,11,Richmond,64,12,-5
2004,First Round,7,Memphis,59,10,South Carolina,43,16,-3
2004,First Round,4,Cincinnati,80,13,East Tennessee State,77,3,-9
2004,First Round,5,Florida,60,12,Manhattan,75,-15,-7
2004,First Round,6,North Carolina,63,11,Air Force,52,11,-5
2004,First Round,7,Michigan State,66,10,Nevada,72,-6,-3
2004,First Round,3,Pittsburgh,53,14,Central Florida,44,9,-11
2004,First Round,7,Xavier,80,10,Louisville,70,10,-3
2004,First Round,1,Duke,96,16,Alabama State,61,35,-15
2004,First Round,2,Gonzaga,76,15,Valparaiso,49,27,-13
2004,First Round,4,Kansas,78,13,Illinois-Chicago,53,25,-9
2004,First Round,8,Alabama,65,9,Southern Illinois,64,1,-1
2004,First Round,5,Syracuse,80,12,Brigham Young,75,5,-7
2004,First Round,5,Illinois,72,12,Murray St.,53,19,-7
2004,First Round,3,Texas,80,14,Princeton,70,10,-11
2004,First Round,4,Maryland,86,13,UTEP,83,3,-9
2004,First Round,3,Georgia Tech,65,14,Northern Iowa,60,5,-11
2004,First Round,1,Kentucky,96,16,Florida A&M,76,20,-15
2004,First Round,8,Washington,100,9,Alabama-Birmingham,102,-2,-1
2004,First Round,2,Oklahoma State,75,15,Eastern Washington,56,19,-13
2004,First Round,8,Texas Tech,76,9,Charlotte,73,3,-1
2004,First Round,3,North Carolina State,62,14,Louisiana-Lafayette,52,10,-11
2004,First Round,7,DePaul,76,10,Dayton,69,7,-3
2004,First Round,4,Wake Forest,79,13,Virginia Commonwealth,78,1,-9
2004,First Round,1,St. Joseph's,82,16,Liberty,63,19,-15
2004,First Round,2,Mississippi State,80,15,Monmouth,70,10,-13
2004,First Round,8,Seton Hall,80,9,Arizona,76,4,-1
2004,First Round,6,Boston College,58,11,Utah,51,7,-5
2004,First Round,5,Providence,58,12,Pacific,66,-8,-7
2004,Play-In,16,Florida A&M,72,16,Lehigh,57,15,0
2003,National Championship,2,Kansas,78,3,Syracuse,81,-3,-1
2003,Final Four,3,Marquette,61,2,Kansas,94,-33,1
2003,Final Four,1,Texas,84,3,Syracuse,95,-11,-2
2003,Elite Eight,1,Texas,85,7,Michigan State,76,9,-6
2003,Elite Eight,1,Kentucky,69,3,Marquette,83,-14,-2
2003,Elite Eight,1,Arizona,75,2,Kansas,78,-3,-1
2003,Elite Eight,1,Oklahoma,47,3,Syracuse,63,-16,-2
2003,Sweet 16,3,Marquette,77,2,Pittsburgh,74,3,1
2003,Sweet 16,3,Duke,65,2,Kansas,69,-4,1
2003,Sweet 16,3,Syracuse,79,10,Auburn,78,1,-7
2003,Sweet 16,1,Texas,82,5,Connecticut,78,4,-4
2003,Sweet 16,6,Maryland,58,7,Michigan State,60,-2,-1
2003,Sweet 16,1,Kentucky,63,5,Wisconsin,57,6,-4
2003,Sweet 16,1,Arizona,88,5,Notre Dame,71,17,-4
2003,Sweet 16,1,Oklahoma,65,12,Butler,54,11,-11
2003,Second Round,5,Notre Dame,68,4,Illinois,60,8,1
2003,Second Round,5,Connecticut,84,4,Stanford,74,10,1
2003,Second Round,5,Wisconsin,61,13,Tulsa,60,1,-8
2003,Second Round,7,Michigan State,68,2,Florida,46,22,5
2003,Second Round,7,Indiana,52,2,Pittsburgh,74,-22,5
2003,Second Round,1,Texas,77,9,Purdue,67,10,-8
2003,Second Round,6,Maryland,77,3,Xavier,64,13,3
2003,Second Round,1,Kentucky,74,9,Utah,54,20,-8
2003,Second Round,1,Arizona,96,9,Gonzaga,95,1,-8
2003,Second Round,6,Oklahoma State,56,3,Syracuse,68,-12,3
2003,Second Round,10,Auburn,68,2,Wake Forest,62,6,8
2003,Second Round,10,Arizona State,76,2,Kansas,108,-32,8
2003,Second Round,11,Central Michigan,80,3,Duke,86,-6,8
2003,Second Round,1,Oklahoma,74,8,California,65,9,-7
2003,Second Round,12,Butler,79,4,Louisville,71,8,8
2003,Second Round,6,Missouri,92,3,Marquette,101,-9,3
2003,First Round,8,Cincinnati,69,9,Gonzaga,74,-5,-1
2003,First Round,5,Notre Dame,70,12,Milwaukee,69,1,-7
2003,First Round,7,Memphis,71,10,Arizona State,84,-13,-3
2003,First Round,4,Stanford,77,13,San Diego,69,8,-9
2003,First Round,5,Connecticut,58,12,Brigham Young,53,5,-7
2003,First Round,2,Pittsburgh,67,15,Wagner,62,5,-13
2003,First Round,5,Wisconsin,81,12,Weber State,74,7,-7
2003,First Round,2,Kansas,64,15,Utah State,61,3,-13
2003,First Round,7,Michigan State,79,10,Colorado,64,15,-3
2003,First Round,2,Florida,85,15,Sam Houston State,55,30,-13
2003,First Round,3,Marquette,72,14,Holy Cross,68,4,-11
2003,First Round,7,Indiana,67,10,Alabama,62,5,-3
2003,First Round,3,Duke,67,14,Colorado State,57,10,-11
2003,First Round,4,Illinois,65,13,Western Kentucky,60,5,-9
2003,First Round,3,Xavier,71,14,Troy,59,12,-11
2003,First Round,3,Syracuse,77,14,Manhattan,63,14,-11
2003,First Round,4,Louisville,86,13,Austin Peay,64,22,-9
2003,First Round,1,Texas,82,16,UNC Asheville,61,21,-15
2003,First Round,6,Maryland,75,11,UNC Wilmington,73,2,-5
2003,First Round,1,Kentucky,95,16,IUPUI,64,31,-15
2003,First Round,4,Dayton,71,13,Tulsa,84,-13,-9
2003,First Round,1,Arizona,80,16,Vermont,51,29,-15
2003,First Round,6,Oklahoma State,77,11,Penn,63,14,-5
2003,First Round,8,California,76,9,North Carolina State,74,2,-1
2003,First Round,6,Creighton,73,11,Central Michigan,79,-6,-5
2003,First Round,1,Oklahoma,71,16,South Carolina State,54,17,-15
2003,First Round,2,Wake Forest,76,15,East Tennessee State,73,3,-13
2003,First Round,7,St. Joseph's,63,10,Auburn,65,-2,-3
2003,First Round,5,Mississippi State,46,12,Butler,47,-1,-7
2003,First Round,8,LSU,56,9,Purdue,80,-24,-1
2003,First Round,8,Oregon,58,9,Utah,60,-2,-1
2003,First Round,6,Missouri,72,11,Southern Illinois,71,1,-5
2003,Play-In,16,UNC Asheville,92,16,Texas Southern,84,8,0
2002,National Championship,5,Indiana,52,1,Maryland,64,-12,4
2002,Final Four,5,Indiana,73,2,Oklahoma,64,9,3
2002,Final Four,1,Maryland,97,1,Kansas,88,9,0
2002,Elite Eight,5,Indiana,81,10,Kent State,69,12,-5
2002,Elite Eight,1,Kansas,104,2,Oregon,86,18,-1
2002,Elite Eight,1,Maryland,90,2,Connecticut,82,8,-1
2002,Elite Eight,12,Missouri,75,2,Oklahoma,81,-6,10
2002,Sweet 16,3,Pittsburgh,73,10,Kent State,78,-5,-7
2002,Sweet 16,1,Kansas,73,4,Illinois,69,4,-3
2002,Sweet 16,1,Duke,73,5,Indiana,74,-1,-4
2002,Sweet 16,11,Southern Illinois,59,2,Connecticut,71,-12,9
2002,Sweet 16,6,Texas,70,2,Oregon,72,-2,4
2002,Sweet 16,1,Maryland,78,4,Kentucky,68,10,-3
2002,Sweet 16,3,Arizona,67,2,Oklahoma,88,-21,1
2002,Sweet 16,8,UCLA,73,12,Missouri,82,-9,-4
2002,Second Round,1,Cincinnati,101,8,UCLA,105,-4,-7
2002,Second Round,5,Indiana,76,13,UNC Wilmington,67,9,-8
2002,Second Round,1,Kansas,86,8,Stanford,63,23,-7
2002,Second Round,7,Xavier,65,2,Oklahoma,78,-13,5
2002,Second Round,1,Duke,84,8,Notre Dame,77,7,-7
2002,Second Round,11,Southern Illinois,77,3,Georgia,75,2,8
2002,Second Round,10,Kent State,71,2,Alabama,58,13,8
2002,Second Round,6,Texas,68,3,Mississippi State,64,4,3
2002,Second Round,1,Maryland,87,8,Wisconsin,57,30,-7
2002,Second Round,6,California,50,3,Pittsburgh,63,-13,3
2002,Second Round,12,Missouri,83,4,Ohio State,67,16,8
2002,Second Round,11,Wyoming,60,3,Arizona,68,-8,8
2002,Second Round,7,North Carolina State,74,2,Connecticut,77,-3,5
2002,Second Round,12,Tulsa,82,4,Kentucky,87,-5,8
2002,Second Round,12,Creighton,60,4,Illinois,72,-12,8
2002,Second Round,7,Wake Forest,87,2,Oregon,92,-5,5
2002,First Round,1,Cincinnati,90,16,Boston University,52,38,-15
2002,First Round,8,Wisconsin,80,9,St. John's,70,10,-1
2002,First Round,2,Connecticut,78,15,Hampton,67,11,-13
2002,First Round,3,Pittsburgh,71,14,Central Connecticut State,54,17,-11
2002,First Round,8,Notre Dame,82,9,Charlotte,63,19,-1
2002,First Round,8,Stanford,84,9,Western Kentucky,68,16,-1
2002,First Round,5,Marquette,69,12,Tulsa,71,-2,-7
2002,First Round,5,Indiana,75,12,Utah,56,19,-7
2002,First Round,1,Kansas,70,16,Holy Cross,59,11,-15
2002,First Round,5,Florida,82,12,Creighton,83,-1,-7
2002,First Round,7,Xavier,70,10,Hawaii,58,12,-3
2002,First Round,5,Miami (Fla.),80,12,Missouri,93,-13,-7
2002,First Round,6,Gonzaga,66,11,Wyoming,73,-7,-5
2002,First Round,1,Duke,84,16,Winthrop,37,47,-15
2002,First Round,4,Illinois,93,13,San Diego State,64,29,-9
2002,First Round,2,Alabama,86,15,Florida Atlantic,78,8,-13
2002,First Round,6,Texas,70,11,Boston College,57,13,-5
2002,First Round,1,Maryland,85,16,Siena,70,15,-15
2002,First Round,4,Kentucky,83,13,Valparaiso,68,15,-9
2002,First Round,3,Georgia,85,14,Murray St.,68,17,-11
2002,First Round,3,Arizona,86,14,UC Santa Barbara,81,5,-11
2002,First Round,7,Oklahoma State,61,10,Kent State,69,-8,-3
2002,First Round,4,Ohio State,69,13,Davidson,64,5,-9
2002,First Round,6,Texas Tech,68,11,Southern Illinois,76,-8,-5
2002,First Round,6,California,82,11,Penn,75,7,-5
2002,First Round,2,Oklahoma,71,15,Illinois-Chicago,63,8,-13
2002,First Round,8,UCLA,80,9,Mississippi,58,22,-1
2002,First Round,7,North Carolina State,69,10,Michigan State,58,11,-3
2002,First Round,4,Southern California,89,13,UNC Wilmington,93,-4,-9
2002,First Round,7,Wake Forest,83,10,Pepperdine,74,9,-3
2002,First Round,2,Oregon,81,15,Montana,62,19,-13
2002,First Round,3,Mississippi State,70,14,McNeese State,58,12,-11
2002,Play-In,16,Siena,81,16,Alcorn State,77,4,0
2001,National Championship,2,Arizona,72,1,Duke,82,-10,1
2001,Final Four,1,Duke,95,3,Maryland,84,11,-2
2001,Final Four,2,Arizona,80,1,Michigan State,61,19,1
2001,Elite Eight,1,Stanford,73,3,Maryland,87,-14,-2
2001,Elite Eight,1,Michigan State,69,11,Temple,62,7,-10
2001,Elite Eight,1,Duke,79,6,Southern California,69,10,-5
2001,Elite Eight,1,Illinois,81,2,Arizona,87,-6,-1
2001,Sweet 16,1,Stanford,78,5,Cincinnati,65,13,-4
2001,Sweet 16,1,Michigan State,77,12,Gonzaga,62,15,-11
2001,Sweet 16,1,Duke,76,4,UCLA,63,13,-3
2001,Sweet 16,1,Illinois,80,4,Kansas,64,16,-3
2001,Sweet 16,3,Maryland,76,10,Georgetown,66,10,-7
2001,Sweet 16,11,Temple,84,7,Penn State,72,12,4
2001,Sweet 16,6,Southern California,80,2,Kentucky,76,4,4
2001,Sweet 16,3,Mississippi,56,2,Arizona,66,-10,1
2001,Second Round,5,Cincinnati,66,13,Kent State,43,23,-8
2001,Second Round,1,Stanford,90,9,St. Joseph's,83,7,-8
2001,Second Round,6,Notre Dame,56,3,Mississippi,59,-3,3
2001,Second Round,7,Iowa,79,2,Kentucky,92,-13,5
2001,Second Round,1,Michigan State,81,9,Fresno State,65,16,-8
2001,Second Round,1,Duke,94,9,Missouri,81,13,-8
2001,Second Round,12,Gonzaga,85,13,Indiana State,68,17,-1
2001,Second Round,10,Butler,52,2,Arizona,73,-21,8
2001,Second Round,1,Illinois,79,9,Charlotte,61,18,-8
2001,Second Round,5,Syracuse,58,4,Kansas,87,-29,1
2001,Second Round,12,Utah State,50,4,UCLA,75,-25,8
2001,Second Round,11,Temple,75,3,Florida,54,21,8
2001,Second Round,11,Georgia State,60,3,Maryland,79,-19,8
2001,Second Round,10,Georgetown,76,15,Hampton,57,19,-5
2001,Second Round,6,Southern California,74,3,Boston College,71,3,3
2001,Second Round,7,Penn State,82,2,North Carolina,74,8,5
2001,First Round,2,Iowa State,57,15,Hampton,58,-1,-13
2001,First Round,5,Cincinnati,84,12,Brigham Young,59,25,-7
2001,First Round,1,Stanford,89,16,UNC Greensboro,60,29,-15
2001,First Round,6,Notre Dame,83,11,Xavier,71,12,-5
2001,First Round,4,Indiana,73,13,Kent State,77,-4,-9
2001,First Round,7,Iowa,69,10,Creighton,56,13,-3
2001,First Round,1,Michigan State,69,16,Alabama State,35,34,-15
2001,First Round,3,Florida,69,14,Western Kentucky,56,13,-11
2001,First Round,4,Kansas,99,13,Cal State Northridge,75,24,-9
2001,First Round,1,Duke,95,16,Monmouth,52,43,-15
2001,First Round,1,Illinois,96,16,Northwestern State,54,42,-15
2001,First Round,6,Texas,65,11,Temple,79,-14,-5
2001,First Round,5,Syracuse,79,12,Hawaii,69,10,-7
2001,First Round,3,Maryland,83,14,George Mason,80,3,-11
2001,First Round,8,Georgia Tech,62,9,St. Joseph's,66,-4,-1
2001,First Round,2,Kentucky,72,15,Holy Cross,68,4,-13
2001,First Round,8,Georgia,68,9,Missouri,70,-2,-1
2001,First Round,7,Arkansas,61,10,Georgetown,63,-2,-3
2001,First Round,2,Arizona,101,15,Eastern Illinois,76,25,-13
2001,First Round,5,Ohio State,68,12,Utah State,77,-9,-7
2001,First Round,5,Virginia,85,12,Gonzaga,86,-1,-7
2001,First Round,8,California,70,9,Fresno State,82,-12,-1
2001,First Round,6,Wisconsin,49,11,Georgia State,50,-1,-5
2001,First Round,3,Boston College,68,14,Southern Utah,65,3,-11
2001,First Round,6,Southern California,69,11,Oklahoma State,54,15,-5
2001,First Round,4,UCLA,61,13,Hofstra,48,13,-9
2001,First Round,4,Oklahoma,68,13,Indiana State,70,-2,-9
2001,First Round,7,Penn State,69,10,Providence,59,10,-3
2001,First Round,2,North Carolina,70,15,Princeton,48,22,-13
2001,First Round,7,Wake Forest,63,10,Butler,79,-16,-3
2001,First Round,8,Tennessee,63,9,Charlotte,70,-7,-1
2001,First Round,3,Mississippi,72,14,Iona,70,2,-11
2001,Play-In,16,Winthrop,67,16,Northwestern State,71,-4,0
2000,National Championship,1,Michigan State,89,5,Florida,76,13,-4
2000,Final Four,5,Florida,71,8,North Carolina,59,12,-3
2000,Final Four,8,Wisconsin,41,1,Michigan State,53,-12,7
2000,Elite Eight,5,Florida,77,3,Oklahoma State,65,12,2
2000,Elite Eight,1,Michigan State,75,2,Iowa State,64,11,-1
2000,Elite Eight,8,Wisconsin,64,6,Purdue,60,4,2
2000,Elite Eight,8,North Carolina,59,7,Tulsa,55,4,1
2000,Sweet 16,1,Michigan State,75,4,Syracuse,58,17,-3
2000,Sweet 16,1,Duke,78,5,Florida,87,-9,-4
2000,Sweet 16,6,Miami (Fla.),71,7,Tulsa,80,-9,-1
2000,Sweet 16,6,Purdue,75,10,Gonzaga,66,9,-4
2000,Sweet 16,3,Oklahoma State,68,10,Seton Hall,66,2,-7
2000,Sweet 16,8,Wisconsin,61,4,LSU,48,13,4
2000,Sweet 16,8,North Carolina,74,4,Tennessee,69,5,4
2000,Sweet 16,6,UCLA,56,2,Iowa State,80,-24,4
2000,Second Round,10,Seton Hall,67,2,Temple,65,2,8
2000,Second Round,1,Stanford,53,8,North Carolina,60,-7,-7
2000,Second Round,5,Connecticut,61,4,Tennessee,65,-4,1
2000,Second Round,5,Florida,93,4,Illinois,76,17,1
2000,Second Round,1,Michigan State,73,8,Utah,61,12,-7
2000,Second Round,10,Gonzaga,82,2,St. John's,76,6,8
2000,Second Round,1,Duke,69,8,Kansas,64,5,-7
2000,Second Round,6,Miami (Fla.),75,3,Ohio State,62,13,3
2000,Second Round,7,Tulsa,69,2,Cincinnati,61,8,5
2000,Second Round,5,Texas,67,4,LSU,72,-5,1
2000,Second Round,6,Purdue,66,3,Oklahoma,62,4,3
2000,Second Round,5,Kentucky,50,4,Syracuse,52,-2,1
2000,Second Round,1,Arizona,59,8,Wisconsin,66,-7,-7
2000,Second Round,7,Auburn,60,2,Iowa State,79,-19,5
2000,Second Round,11,Pepperdine,67,3,Oklahoma State,75,-8,8
2000,Second Round,6,UCLA,105,3,Maryland,70,35,3
2000,First Round,2,Cincinnati,64,15,UNC Wilmington,47,17,-13
2000,First Round,1,Stanford,84,16,South Carolina State,65,19,-15
2000,First Round,5,Connecticut,75,12,Utah State,67,8,-7
2000,First Round,2,Iowa State,88,15,Central Connecticut State,78,10,-13
2000,First Round,8,Kansas,81,9,DePaul,77,4,-1
2000,First Round,5,Florida,69,12,Butler,68,1,-7
2000,First Round,1,Michigan State,61,16,Valparaiso,56,5,-15
2000,First Round,1,Duke,85,16,Lamar,55,30,-15
2000,First Round,6,Miami (Fla.),75,11,Arkansas,71,4,-5
2000,First Round,7,Tulsa,89,10,UNLV,62,27,-3
2000,First Round,5,Texas,77,12,Indiana State,61,16,-7
2000,First Round,4,Illinois,68,13,Penn,58,10,-9
2000,First Round,4,Syracuse,79,13,Samford,65,14,-9
2000,First Round,6,Purdue,62,11,Dayton,61,1,-5
2000,First Round,2,Temple,73,15,Lafayette,47,26,-13
2000,First Round,3,Maryland,74,14,Iona,59,15,-11
2000,First Round,5,Kentucky,85,12,St. Bonaventure,80,5,-7
2000,First Round,1,Arizona,71,16,Jackson State,47,24,-15
2000,First Round,3,Oklahoma State,86,14,Hofstra,66,20,-11
2000,First Round,7,Louisville,66,10,Gonzaga,77,-11,-3
2000,First Round,2,St. John's,61,15,Northern Arizona,56,5,-13
2000,First Round,6,Indiana,57,11,Pepperdine,77,-20,-5
2000,First Round,3,Ohio State,87,14,Appalachian State,61,26,-11
2000,First Round,7,Auburn,72,10,Creighton,69,3,-3
2000,First Round,8,Utah,48,9,St. Louis,45,3,-1
2000,First Round,8,Wisconsin,66,9,Fresno State,56,10,-1
2000,First Round,3,Oklahoma,74,14,Winthrop,60,14,-11
2000,First Round,4,LSU,64,13,Southeast Missouri State,61,3,-9
2000,First Round,7,Oregon,71,10,Seton Hall,72,-1,-3
2000,First Round,4,Tennessee,63,13,Louisiana-Lafayette,58,5,-9
2000,First Round,8,North Carolina,84,9,Missouri,70,14,-1
2000,First Round,6,UCLA,79,11,Ball State,65,14,-5
1999,National Championship,1,Duke,74,1,Connecticut,77,-3,0
1999,Final Four,1,Duke,68,1,Michigan State,62,6,0
1999,Final Four,4,Ohio State,58,1,Connecticut,64,-6,3
1999,Elite Eight,1,Connecticut,67,10,Gonzaga,62,5,-9
1999,Elite Eight,1,Michigan State,73,3,Kentucky,66,7,-2
1999,Elite Eight,1,Duke,85,6,Temple,64,21,-5
1999,Elite Eight,4,Ohio State,77,3,St. John's,74,3,1
1999,Sweet 16,1,Connecticut,78,5,Iowa,68,10,-4
1999,Sweet 16,6,Florida,72,10,Gonzaga,73,-1,-4
1999,Sweet 16,1,Michigan State,54,13,Oklahoma,46,8,-12
1999,Sweet 16,1,Duke,78,12,Missouri State,61,17,-11
1999,Sweet 16,6,Temple,77,10,Purdue,55,22,-4
1999,Sweet 16,3,Kentucky,58,10,Miami (Ohio),43,15,-7
1999,Sweet 16,1,Auburn,64,4,Ohio State,72,-8,-3
1999,Sweet 16,3,St. John's,76,2,Maryland,62,14,1
1999,Second Round,1,Connecticut,78,9,New Mexico,56,22,-8
1999,Second Round,6,Florida,82,14,Weber State,74,8,-8
1999,Second Round,12,Missouri State,81,4,Tennessee,51,30,8
1999,Second Round,6,Kansas,88,3,Kentucky,92,-4,3
1999,Second Round,1,Michigan State,74,9,Mississippi,66,8,-8
1999,Second Round,1,Duke,97,9,Tulsa,56,41,-8
1999,Second Round,10,Gonzaga,82,2,Stanford,74,8,8
1999,Second Round,10,Purdue,73,2,Miami (Fla.),63,10,8
1999,Second Round,6,Temple,64,3,Cincinnati,54,10,3
1999,Second Round,5,Iowa,82,4,Arkansas,72,10,1
1999,Second Round,6,Indiana,61,3,St. John's,86,-25,3
1999,Second Round,1,Auburn,81,9,Oklahoma State,74,7,-8
1999,Second Round,10,Miami (Ohio),66,2,Utah,58,8,8
1999,Second Round,10,Creighton,63,2,Maryland,75,-12,8
1999,Second Round,12,Detroit,44,4,Ohio State,75,-31,8
1999,Second Round,5,Charlotte,72,13,Oklahoma,85,-13,-8
1999,First Round,2,Stanford,69,15,Alcorn State,57,12,-13
1999,First Round,1,Connecticut,91,16,Texas-San Antonio,66,25,-15
1999,First Round,3,Cincinnati,72,14,George Mason,48,24,-11
1999,First Round,6,Florida,75,11,Penn,61,14,-5
1999,First Round,6,Kansas,95,11,Evansville,74,21,-5
1999,First Round,1,Michigan State,76,16,Mount St. Mary's,53,23,-15
1999,First Round,2,Miami (Fla.),75,15,Lafayette,54,21,-13
1999,First Round,1,Duke,99,16,Florida A&M,58,41,-15
1999,First Round,7,Texas,54,10,Purdue,58,-4,-3
1999,First Round,8,Syracuse,61,9,Oklahoma State,69,-8,-1
1999,First Round,6,Temple,61,11,Kent State,54,7,-5
1999,First Round,2,Maryland,82,15,Valparaiso,60,22,-13
1999,First Round,3,Kentucky,82,14,New Mexico State,60,22,-11
1999,First Round,4,Arkansas,94,13,Siena,80,14,-9
1999,First Round,4,Arizona,60,13,Oklahoma,61,-1,-9
1999,First Round,8,Missouri,59,9,New Mexico,61,-2,-1
1999,First Round,7,Minnesota,63,10,Gonzaga,75,-12,-3
1999,First Round,5,Iowa,77,12,Alabama-Birmingham,64,13,-7
1999,First Round,7,Louisville,58,10,Creighton,62,-4,-3
1999,First Round,6,Indiana,108,11,George Washington,88,20,-5
1999,First Round,1,Auburn,80,16,Winthrop,41,39,-15
1999,First Round,3,St. John's,69,14,Samford,43,26,-11
1999,First Round,4,Ohio State,72,13,Murray St.,58,14,-9
1999,First Round,2,Utah,80,15,Arkansas State,58,22,-13
1999,First Round,7,Washington,58,10,Miami (Ohio),59,-1,-3
1999,First Round,3,North Carolina,74,14,Weber State,76,-2,-11
1999,First Round,5,Wisconsin,32,12,Missouri State,43,-11,-7
1999,First Round,8,College of Charleston,53,9,Tulsa,62,-9,-1
1999,First Round,4,Tennessee,62,13,Delaware,52,10,-9
1999,First Round,5,UCLA,53,12,Detroit,56,-3,-7
1999,First Round,8,Villanova,70,9,Mississippi,72,-2,-1
1999,First Round,5,Charlotte,81,12,Rhode Island,70,11,-7
1998,National Championship,3,Utah,69,2,Kentucky,78,-9,1
1998,Final Four,3,Stanford,85,2,Kentucky,86,-1,1
1998,Final Four,1,North Carolina,59,3,Utah,65,-6,-2
1998,Elite Eight,1,Duke,84,2,Kentucky,86,-2,-1
1998,Elite Eight,8,Rhode Island,77,3,Stanford,79,-2,5
1998,Elite Eight,1,Arizona,51,3,Utah,76,-25,-2
1998,Elite Eight,1,North Carolina,75,2,Connecticut,64,11,-1
1998,Sweet 16,3,Stanford,67,2,Purdue,59,8,1
1998,Sweet 16,1,Duke,80,5,Syracuse,67,13,-4
1998,Sweet 16,8,Rhode Island,74,13,Valparaiso,68,6,-5
1998,Sweet 16,1,Arizona,87,4,Maryland,79,8,-3
1998,Sweet 16,3,Utah,65,10,West Virginia,62,3,-7
1998,Sweet 16,11,Washington,74,2,Connecticut,75,-1,9
1998,Sweet 16,1,North Carolina,73,4,Michigan State,58,15,-3
1998,Sweet 16,6,UCLA,68,2,Kentucky,94,-26,4
1998,Second Round,1,Kansas,75,8,Rhode Island,80,-5,-7
1998,Second Round,1,Duke,79,8,Oklahoma State,73,6,-7
1998,Second Round,5,Illinois,61,4,Maryland,67,-6,1
1998,Second Round,5,Syracuse,56,4,New Mexico,46,10,1
1998,Second Round,6,Arkansas,69,3,Utah,75,-6,3
1998,Second Round,1,Arizona,82,9,Illinois State,49,33,-8
1998,Second Round,11,Western Michigan,65,3,Stanford,83,-18,8
1998,Second Round,10,West Virginia,75,2,Cincinnati,74,1,8
1998,Second Round,7,Indiana,61,2,Connecticut,78,-17,5
1998,Second Round,11,Washington,81,14,Richmond,66,15,-3
1998,Second Round,10,St. Louis,61,2,Kentucky,88,-27,8
1998,Second Round,5,Princeton,51,4,Michigan State,63,-12,1
1998,Second Round,1,North Carolina,93,8,Charlotte,83,10,-7
1998,Second Round,6,UCLA,85,3,Michigan,82,3,3
1998,Second Round,12,Florida State,77,13,Valparaiso,83,-6,-1
1998,Second Round,10,Detroit,65,2,Purdue,80,-15,8
1998,First Round,2,Cincinnati,65,15,Northern Arizona,62,3,-13
1998,First Round,2,Connecticut,93,15,Fairleigh Dickinson,85,8,-13
1998,First Round,3,Stanford,67,14,College of Charleston,57,10,-11
1998,First Round,4,Michigan State,83,13,Eastern Michigan,71,12,-9
1998,First Round,1,Kansas,110,16,Prairie View,52,58,-15
1998,First Round,1,Duke,99,16,Radford,63,36,-15
1998,First Round,5,Illinois,64,12,South Alabama,51,13,-7
1998,First Round,5,Syracuse,63,12,Iona,61,2,-7
1998,First Round,6,Clemson,72,11,Western Michigan,75,-3,-5
1998,First Round,4,Maryland,82,13,Utah State,68,14,-9
1998,First Round,7,Temple,52,10,West Virginia,82,-30,-3
1998,First Round,2,Kentucky,82,15,South Carolina State,67,15,-13
1998,First Round,4,New Mexico,79,13,Butler,62,17,-9
1998,First Round,8,Rhode Island,97,9,Murray St.,74,23,-1
1998,First Round,2,Purdue,95,15,Delaware,56,39,-13
1998,First Round,6,Arkansas,74,11,Nebraska,65,9,-5
1998,First Round,1,Arizona,99,16,Nicholls State,60,39,-15
1998,First Round,8,Oklahoma State,74,9,George Washington,59,15,-1
1998,First Round,5,TCU,87,12,Florida State,96,-9,-7
1998,First Round,3,Utah,85,14,San Francisco,68,17,-11
1998,First Round,7,Indiana,94,10,Oklahoma,87,7,-3
1998,First Round,3,South Carolina,61,14,Richmond,62,-1,-11
1998,First Round,8,Tennessee,81,9,Illinois State,82,-1,-1
1998,First Round,6,Xavier,68,11,Washington,69,-1,-5
1998,First Round,8,Charlotte,77,9,Illinois-Chicago,62,15,-1
1998,First Round,5,Princeton,69,12,UNLV,57,12,-7
1998,First Round,1,North Carolina,88,16,Navy,52,36,-15
1998,First Round,6,UCLA,65,11,Miami (Fla.),62,3,-5
1998,First Round,7,Massachusetts,46,10,St. Louis,51,-5,-3
1998,First Round,3,Michigan,80,14,Davidson,61,19,-11
1998,First Round,7,St. John's,64,10,Detroit,66,-2,-3
1998,First Round,4,Mississippi,69,13,Valparaiso,70,-1,-9
1997,National Championship,1,Kentucky,79,4,Arizona,84,-5,-3
1997,Final Four,1,Kentucky,78,1,Minnesota,69,9,0
1997,Final Four,1,North Carolina,58,4,Arizona,66,-8,-3
1997,Elite Eight,1,Kentucky,72,2,Utah,59,13,-1
1997,Elite Eight,4,Arizona,96,10,Providence,92,4,-6
1997,Elite Eight,1,North Carolina,97,6,Louisville,74,23,-5
1997,Elite Eight,1,Minnesota,80,2,UCLA,72,8,-1
1997,Sweet 16,6,Stanford,77,2,Utah,82,-5,4
1997,Sweet 16,1,Kansas,82,4,Arizona,85,-3,-3
1997,Sweet 16,1,Kentucky,83,4,St. Joseph's,68,15,-3
1997,Sweet 16,1,North Carolina,63,5,California,57,6,-4
1997,Sweet 16,6,Louisville,78,10,Texas,63,15,-4
1997,Sweet 16,1,Minnesota,90,4,Clemson,84,6,-3
1997,Sweet 16,6,Iowa State,73,2,UCLA,74,-1,4
1997,Sweet 16,14,Chattanooga,65,10,Providence,71,-6,4
1997,Second Round,6,Stanford,72,3,Wake Forest,66,6,3
1997,Second Round,1,Kansas,75,8,Purdue,61,14,-7
1997,Second Round,1,Kentucky,75,8,Iowa,69,6,-7
1997,Second Round,6,Illinois,63,14,Chattanooga,75,-12,-8
1997,Second Round,10,Texas,82,15,Coppin State,81,1,-5
1997,Second Round,5,Boston College,77,4,St. Joseph's,81,-4,1
1997,Second Round,1,North Carolina,73,9,Colorado,56,17,-8
1997,Second Round,6,Louisville,64,3,New Mexico,63,1,3
1997,Second Round,5,California,75,4,Villanova,68,7,1
1997,Second Round,1,Minnesota,76,9,Temple,57,19,-8
1997,Second Round,6,Iowa State,67,3,Cincinnati,66,1,3
1997,Second Round,10,Providence,98,2,Duke,87,11,8
1997,Second Round,7,Charlotte,58,2,Utah,77,-19,5
1997,Second Round,7,Xavier,83,2,UCLA,96,-13,5
1997,Second Round,5,Tulsa,59,4,Clemson,65,-6,1
1997,Second Round,12,College of Charleston,69,4,Arizona,73,-4,8
1997,First Round,6,Stanford,80,11,Oklahoma,67,13,-5
1997,First Round,3,Cincinnati,86,14,Butler,69,17,-11
1997,First Round,1,Kansas,78,16,Jackson State,64,14,-15
1997,First Round,2,Duke,71,15,Murray St.,68,3,-13
1997,First Round,1,Kentucky,92,16,Montana,54,38,-15
1997,First Round,4,Clemson,68,13,Miami (Ohio),56,12,-9
1997,First Round,6,Illinois,90,11,Southern California,77,13,-5
1997,First Round,3,New Mexico,59,14,Old Dominion,55,4,-11
1997,First Round,5,Maryland,66,12,College of Charleston,75,-9,-7
1997,First Round,3,Georgia,70,14,Chattanooga,73,-3,-11
1997,First Round,8,Purdue,83,9,Rhode Island,76,7,-1
1997,First Round,4,Arizona,65,13,South Alabama,57,8,-9
1997,First Round,8,Iowa,73,9,Virginia,60,13,-1
1997,First Round,2,Utah,75,15,Navy,61,14,-13
1997,First Round,5,Boston College,73,12,Valparaiso,66,7,-7
1997,First Round,1,North Carolina,82,16,Fairfield,74,8,-15
1997,First Round,6,Louisville,65,11,Massachusetts,57,8,-5
1997,First Round,8,Indiana,62,9,Colorado,80,-18,-1
1997,First Round,2,South Carolina,65,15,Coppin State,78,-13,-13
1997,First Round,5,California,55,12,Princeton,52,3,-7
1997,First Round,1,Minnesota,78,16,Texas State,46,32,-15
1997,First Round,6,Iowa State,69,11,Illinois State,57,12,-5
1997,First Round,7,Marquette,59,10,Providence,81,-22,-3
1997,First Round,3,Wake Forest,68,14,St. Mary's (Cal.),46,22,-11
1997,First Round,4,St. Joseph's,75,13,Pacific,65,10,-9
1997,First Round,7,Charlotte,79,10,Georgetown,67,12,-3
1997,First Round,7,Wisconsin,58,10,Texas,71,-13,-3
1997,First Round,4,Villanova,101,13,Long Island,91,10,-9
1997,First Round,7,Xavier,80,10,Vanderbilt,68,12,-3
1997,First Round,5,Tulsa,81,12,Boston University,52,29,-7
1997,First Round,2,UCLA,109,15,Charleston Southern,75,34,-13
1997,First Round,8,Mississippi,40,9,Temple,62,-22,-1
1996,National Championship,4,Syracuse,67,1,Kentucky,76,-9,3
1996,Final Four,1,Massachusetts,74,1,Kentucky,81,-7,0
1996,Final Four,5,Mississippi State,69,4,Syracuse,77,-8,1
1996,Elite Eight,1,Massachusetts,86,2,Georgetown,62,24,-1
1996,Elite Eight,4,Syracuse,60,2,Kansas,57,3,2
1996,Elite Eight,1,Kentucky,83,2,Wake Forest,63,20,-1
1996,Elite Eight,5,Mississippi State,73,2,Cincinnati,63,10,3
1996,Sweet 16,1,Massachusetts,79,12,Arkansas,63,16,-11
1996,Sweet 16,1,Connecticut,55,5,Mississippi State,60,-5,-4
1996,Sweet 16,1,Kentucky,101,4,Utah,70,31,-3
1996,Sweet 16,8,Georgia,81,4,Syracuse,83,-2,4
1996,Sweet 16,3,Arizona,80,2,Kansas,83,-3,1
1996,Sweet 16,3,Georgia Tech,70,2,Cincinnati,87,-17,1
1996,Sweet 16,6,Louisville,59,2,Wake Forest,60,-1,4
1996,Sweet 16,3,Texas Tech,90,2,Georgetown,98,-8,1
1996,Second Round,1,Massachusetts,79,9,Stanford,74,5,-8
1996,Second Round,1,Connecticut,95,9,Eastern Michigan,81,14,-8
1996,Second Round,1,Kentucky,84,9,Virginia Tech,60,24,-8
1996,Second Round,1,Purdue,69,8,Georgia,76,-7,-7
1996,Second Round,7,New Mexico,62,2,Georgetown,73,-11,5
1996,Second Round,12,Arkansas,65,4,Marquette,56,9,8
1996,Second Round,10,Texas,62,2,Wake Forest,65,-3,8
1996,Second Round,7,Temple,65,2,Cincinnati,78,-13,5
1996,Second Round,6,Iowa,73,3,Arizona,87,-14,3
1996,Second Round,6,North Carolina,73,3,Texas Tech,92,-19,3
1996,Second Round,6,Louisville,68,3,Villanova,64,4,3
1996,Second Round,5,Iowa State,67,4,Utah,73,-6,1
1996,Second Round,11,Boston College,89,3,Georgia Tech,103,-14,8
1996,Second Round,5,Mississippi State,63,13,Princeton,41,22,-8
1996,Second Round,10,Santa Clara,51,2,Kansas,76,-25,8
1996,Second Round,12,Drexel,58,4,Syracuse,69,-11,8
1996,First Round,1,Massachusetts,92,16,Central Florida,70,22,-15
1996,First Round,2,Cincinnati,66,15,UNC Greensboro,61,5,-13
1996,First Round,1,Connecticut,68,16,Colgate,59,9,-15
1996,First Round,2,Kansas,92,15,South Carolina State,54,38,-13
1996,First Round,7,Michigan,76,10,Texas,80,-4,-3
1996,First Round,8,Duke,51,9,Eastern Michigan,58,-7,-1
1996,First Round,4,Syracuse,88,13,Montana State,55,33,-9
1996,First Round,1,Kentucky,110,16,San Jose State,72,38,-15
1996,First Round,7,Maryland,79,10,Santa Clara,91,-12,-3
1996,First Round,8,Georgia,81,9,Clemson,74,7,-1
1996,First Round,1,Purdue,73,16,Western Carolina,71,2,-15
1996,First Round,7,New Mexico,69,10,Kansas State,48,21,-3
1996,First Round,4,UCLA,41,13,Princeton,43,-2,-9
1996,First Round,7,Temple,61,10,Oklahoma,43,18,-3
1996,First Round,3,Arizona,90,14,Valparaiso,51,39,-11
1996,First Round,2,Georgetown,93,15,Mississippi Valley State,56,37,-13
1996,First Round,3,Georgia Tech,90,14,Austin Peay,79,11,-11
1996,First Round,6,Iowa,81,11,George Washington,79,2,-5
1996,First Round,5,Memphis,63,12,Drexel,75,-12,-7
1996,First Round,6,North Carolina,83,11,New Orleans,62,21,-5
1996,First Round,4,Marquette,68,13,Monmouth,44,24,-9
1996,First Round,8,Bradley,58,9,Stanford,66,-8,-1
1996,First Round,6,Louisville,82,11,Tulsa,80,2,-5
1996,First Round,4,Utah,72,13,Canisius,43,29,-9
1996,First Round,5,Iowa State,74,12,California,64,10,-7
1996,First Round,6,Indiana,51,11,Boston College,64,-13,-5
1996,First Round,5,Mississippi State,58,12,Virginia Commonwealth,51,7,-7
1996,First Round,3,Texas Tech,74,14,Northern Illinois,73,1,-11
1996,First Round,5,Penn State,80,12,Arkansas,86,-6,-7
1996,First Round,2,Wake Forest,62,15,Louisiana-Monroe,50,12,-13
1996,First Round,3,Villanova,92,14,Portland,58,34,-11
1996,First Round,8,Green Bay,48,9,Virginia Tech,61,-13,-1
1995,National Championship,2,Arkansas,78,1,UCLA,89,-11,1
1995,Final Four,2,Arkansas,75,2,North Carolina,68,7,0
1995,Final Four,4,Oklahoma State,61,1,UCLA,74,-13,3
1995,Elite Eight,1,Kentucky,61,2,North Carolina,74,-13,-1
1995,Elite Eight,1,UCLA,102,2,Connecticut,96,6,-1
1995,Elite Eight,4,Oklahoma State,68,2,Massachusetts,54,14,2
1995,Elite Eight,4,Virginia,61,2,Arkansas,68,-7,2
1995,Sweet 16,1,Kansas,58,4,Virginia,67,-9,-3
1995,Sweet 16,1,Kentucky,97,5,Arizona State,73,24,-4
1995,Sweet 16,3,Maryland,89,2,Connecticut,99,-10,1
1995,Sweet 16,1,UCLA,86,5,Mississippi State,67,19,-4
1995,Sweet 16,6,Tulsa,51,2,Massachusetts,76,-25,4
1995,Sweet 16,6,Georgetown,64,2,North Carolina,74,-10,4
1995,Sweet 16,6,Memphis,91,2,Arkansas,96,-5,4
1995,Sweet 16,1,Wake Forest,66,4,Oklahoma State,71,-5,-3
1995,Second Round,7,Cincinnati,91,2,Connecticut,96,-5,5
1995,Second Round,10,Stanford,53,2,Massachusetts,75,-22,8
1995,Second Round,1,Kansas,75,8,Western Kentucky,70,5,-7
1995,Second Round,7,Syracuse,94,2,Arkansas,96,-2,5
1995,Second Round,1,Kentucky,82,9,Tulane,60,22,-8
1995,Second Round,11,Texas,68,3,Maryland,82,-14,8
1995,Second Round,1,UCLA,75,8,Missouri,74,1,-7
1995,Second Round,6,Tulsa,64,14,Old Dominion,52,12,-8
1995,Second Round,6,Georgetown,53,14,Weber State,51,2,-8
1995,Second Round,5,Arizona State,64,13,Manhattan,54,10,-8
1995,Second Round,5,Mississippi State,78,4,Utah,64,14,1
1995,Second Round,6,Memphis,75,3,Purdue,73,2,3
1995,Second Round,7,Iowa State,51,2,North Carolina,73,-22,5
1995,Second Round,1,Wake Forest,64,9,St. Louis,59,5,-8
1995,Second Round,5,Alabama,52,4,Oklahoma State,66,-14,1
1995,Second Round,12,Miami (Ohio),54,4,Virginia,60,-6,8
1995,First Round,7,Cincinnati,77,10,Temple,71,6,-3
1995,First Round,2,Connecticut,100,15,Chattanooga,71,29,-13
1995,First Round,2,Massachusetts,68,15,St. Peter's,51,17,-13
1995,First Round,1,Kansas,82,16,Colgate,68,14,-15
1995,First Round,7,Syracuse,96,10,Southern Illinois,92,4,-3
1995,First Round,1,Kentucky,113,16,Mount St. Mary's,67,46,-15
1995,First Round,3,Maryland,87,14,Gonzaga,63,24,-11
1995,First Round,1,UCLA,92,16,Florida International,56,36,-15
1995,First Round,6,Tulsa,68,11,Illinois,62,6,-5
1995,First Round,3,Purdue,49,14,Green Bay,48,1,-11
1995,First Round,2,Arkansas,79,15,Texas Southern,78,1,-13
1995,First Round,4,Oklahoma State,73,13,Drexel,49,24,-9
1995,First Round,5,Arizona,62,12,Miami (Ohio),71,-9,-7
1995,First Round,6,Georgetown,68,11,Xavier,63,5,-5
1995,First Round,5,Arizona State,81,12,Ball State,66,15,-7
1995,First Round,3,Michigan State,72,14,Weber State,79,-7,-11
1995,First Round,8,Missouri,65,9,Indiana,60,5,-1
1995,First Round,4,Utah,76,13,Long Beach State,64,12,-9
1995,First Round,5,Mississippi State,65,12,Santa Clara,60,5,-7
1995,First Round,8,Minnesota,61,9,St. Louis,64,-3,-1
1995,First Round,7,Charlotte,68,10,Stanford,70,-2,-3
1995,First Round,6,Memphis,77,11,Louisville,56,21,-5
1995,First Round,2,North Carolina,80,15,Murray St.,70,10,-13
1995,First Round,8,Brigham Young,70,9,Tulane,76,-6,-1
1995,First Round,7,Iowa State,64,10,Florida,61,3,-3
1995,First Round,6,Oregon,73,11,Texas,90,-17,-5
1995,First Round,1,Wake Forest,79,16,North Carolina A&T,47,32,-15
1995,First Round,5,Alabama,91,12,Penn,85,6,-7
1995,First Round,3,Villanova,81,14,Old Dominion,89,-8,-11
1995,First Round,4,Virginia,96,13,Nicholls State,72,24,-9
1995,First Round,8,Western Kentucky,82,9,Michigan,76,6,-1
1995,First Round,4,Oklahoma,67,13,Manhattan,77,-10,-9
1994,National Championship,1,Arkansas,76,2,Duke,72,4,-1
1994,Final Four,3,Florida,65,2,Duke,70,-5,1
1994,Final Four,2,Arizona,82,1,Arkansas,91,-9,1
1994,Elite Eight,1,Arkansas,76,3,Michigan,68,8,-2
1994,Elite Eight,1,Purdue,60,2,Duke,69,-9,-1
1994,Elite Eight,1,Missouri,72,2,Arizona,92,-20,-1
1994,Elite Eight,9,Boston College,66,3,Florida,74,-8,6
1994,Sweet 16,3,Michigan,78,10,Maryland,71,7,-7
1994,Sweet 16,3,Florida,69,2,Connecticut,60,9,1
1994,Sweet 16,6,Marquette,49,2,Duke,59,-10,4
1994,Sweet 16,1,Arkansas,103,12,Tulsa,84,19,-11
1994,Sweet 16,1,Purdue,83,4,Kansas,78,5,-3
1994,Sweet 16,3,Louisville,70,2,Arizona,82,-12,1
1994,Sweet 16,1,Missouri,98,4,Syracuse,88,10,-3
1994,Sweet 16,9,Boston College,77,5,Indiana,68,9,4
1994,Second Round,11,Penn,58,3,Florida,70,-12,8
1994,Second Round,6,Marquette,75,3,Kentucky,63,12,3
1994,Second Round,10,Maryland,95,2,Massachusetts,87,8,8
1994,Second Round,6,Texas,79,3,Michigan,84,-5,3
1994,Second Round,12,Tulsa,82,4,Oklahoma State,80,2,8
1994,Second Round,1,Arkansas,85,9,Georgetown,73,12,-8
1994,Second Round,1,Purdue,83,9,Alabama,73,10,-8
1994,Second Round,7,Michigan State,74,2,Duke,85,-11,5
1994,Second Round,1,Missouri,109,9,Wisconsin,96,13,-8
1994,Second Round,6,Minnesota,55,3,Louisville,60,-5,3
1994,Second Round,7,Virginia,58,2,Arizona,71,-13,5
1994,Second Round,1,North Carolina,72,9,Boston College,75,-3,-8
1994,Second Round,5,Indiana,67,4,Temple,58,9,1
1994,Second Round,10,George Washington,63,2,Connecticut,75,-12,8
1994,Second Round,12,Green Bay,59,4,Syracuse,64,-5,8
1994,Second Round,5,Wake Forest,58,4,Kansas,69,-11,1
1994,First Round,8,Cincinnati,72,9,Wisconsin,80,-8,-1
1994,First Round,2,Connecticut,64,15,Rider,46,18,-13
1994,First Round,2,Massachusetts,78,15,Texas State,60,18,-13
1994,First Round,3,Michigan,78,14,Pepperdine,74,4,-11
1994,First Round,4,Kansas,102,13,Chattanooga,73,29,-9
1994,First Round,2,Duke,82,15,Texas Southern,70,12,-13
1994,First Round,4,Syracuse,57,13,Hawaii,61,-4,-9
1994,First Round,3,Florida,64,14,James Madison,62,2,-11
1994,First Round,6,Marquette,81,11,Louisiana-Lafayette,59,22,-5
1994,First Round,3,Kentucky,83,14,Tennessee State,70,13,-11
1994,First Round,8,Providence,70,9,Alabama,76,-6,-1
1994,First Round,5,California,57,12,Green Bay,61,-4,-7
1994,First Round,4,Temple,61,13,Drexel,39,22,-9
1994,First Round,6,Texas,91,11,Western Kentucky,77,14,-5
1994,First Round,5,UCLA,102,12,Tulsa,112,-10,-7
1994,First Round,1,Arkansas,94,16,North Carolina A&T,79,15,-15
1994,First Round,1,Purdue,98,16,Central Florida,67,31,-15
1994,First Round,2,Arizona,81,15,Loyola (Md.),55,26,-13
1994,First Round,7,Alabama-Birmingham,46,10,George Washington,51,-5,-3
1994,First Round,6,Nebraska,80,11,Penn,90,-10,-5
1994,First Round,4,Oklahoma State,65,13,New Mexico State,55,10,-9
1994,First Round,8,Illinois,77,9,Georgetown,84,-7,-1
1994,First Round,7,Michigan State,84,10,Seton Hall,73,11,-3
1994,First Round,3,Louisville,67,14,Boise State,58,9,-11
1994,First Round,1,Missouri,76,16,Navy,53,23,-15
1994,First Round,6,Minnesota,74,11,Southern Illinois,60,14,-5
1994,First Round,1,North Carolina,71,16,Liberty,51,20,-15
1994,First Round,5,Indiana,84,12,Ohio,72,12,-7
1994,First Round,7,St. Louis,66,10,Maryland,74,-8,-3
1994,First Round,7,Virginia,57,10,New Mexico,54,3,-3
1994,First Round,8,Washington State,64,9,Boston College,67,-3,-1
1994,First Round,5,Wake Forest,68,12,College of Charleston,58,10,-7
